Rk,Player,Age,Team,Pos,G,GS,MP,FG,FGA,FG%,3P,3PA,3P%,2P,2PA,2P%,eFG%,FT,FTA,FT%,ORB,DRB,TRB,AST,STL,BLK,TOV,PF,PTS,Awards,Player-additional
1,Kobe Bryant,27,LAL,SG,80,80,41.0,12.2,27.2,.450,2.3,6.5,.347,10.0,20.7,.482,.491,8.7,10.2,.850,0.9,4.4,5.3,4.5,1.8,0.4,3.1,2.9,35.4,MVP-4ASNBA1,bryanko01
2,Allen Iverson,30,PHI,PG,72,72,43.1,11.3,25.3,.447,1.0,3.1,.323,10.3,22.2,.465,.467,9.4,11.5,.814,0.6,2.6,3.2,7.4,1.9,0.1,3.4,1.7,33.0,MVP-10ASNBA3,iversal01
3,LeBron James,21,CLE,SF,79,79,42.5,11.1,23.1,.480,1.6,4.8,.335,9.5,18.3,.518,.515,7.6,10.3,.738,0.9,6.1,7.0,6.6,1.6,0.8,3.3,2.3,31.4,MVP-2ASNBA1,jamesle01
4,Gilbert Arenas,24,WAS,PG,80,80,42.3,9.3,20.9,.447,2.5,6.8,.369,6.8,14.1,.485,.507,8.2,10.0,.820,0.7,2.8,3.5,6.1,2.0,0.3,3.7,3.6,29.3,ASNBA3,arenagi01
5,Dwyane Wade,24,MIA,SG,75,75,38.6,9.3,18.8,.495,0.2,1.0,.171,9.1,17.8,.513,.499,8.4,10.7,.783,1.4,4.3,5.7,6.7,1.9,0.8,3.6,2.9,27.2,MVP-6ASNBA2,wadedw01
6,Paul Pierce,28,BOS,SF,79,79,39.0,8.7,18.5,.471,1.4,4.0,.354,7.3,14.5,.503,.509,7.9,10.3,.772,1.0,5.7,6.7,4.7,1.4,0.4,3.5,2.8,26.8,AS,piercpa01
7,Dirk Nowitzki,27,DAL,PF,81,81,38.1,9.3,19.3,.480,1.4,3.3,.406,7.9,16.0,.496,.515,6.7,7.4,.901,1.4,7.6,9.0,2.8,0.7,1.0,1.9,2.0,26.6,MVP-3ASNBA1,nowitdi01
8,Carmelo Anthony,21,DEN,SF,80,80,36.8,9.5,19.7,.481,0.5,1.9,.243,9.0,17.8,.506,.493,7.2,8.9,.808,1.5,3.4,4.9,2.7,1.1,0.5,2.7,2.9,26.5,NBA3,anthoca01
9,Michael Redd,26,MIL,SG,80,80,39.1,8.5,19.0,.450,2.0,5.2,.395,6.5,13.8,.471,.504,6.3,7.1,.877,1.0,3.3,4.3,2.9,1.2,0.1,2.1,2.0,25.4,,reddmi01
10,Ray Allen,30,SEA,SG,78,78,38.7,8.7,19.2,.454,3.4,8.4,.412,5.3,10.9,.486,.544,4.2,4.6,.903,0.9,3.3,4.3,3.7,1.3,0.2,2.4,1.9,25.1,AS,allenra02
11,Elton Brand,26,LAC,PF,79,79,39.2,9.6,18.2,.527,0.0,0.0,.333,9.6,18.1,.527,.527,5.6,7.2,.775,3.0,7.0,10.0,2.6,1.0,2.5,2.2,2.9,24.7,MVP-7DPOY-10ASNBA2,brandel01
12,Tracy McGrady,26,HOU,SF,47,47,37.1,8.7,21.5,.406,1.6,5.0,.312,7.2,16.5,.434,.442,5.4,7.2,.747,1.0,5.6,6.5,4.8,1.3,0.9,2.6,1.9,24.4,AS,mcgratr01
13,Vince Carter,29,NJN,SG,79,79,36.8,8.3,19.2,.430,1.6,4.6,.341,6.7,14.6,.459,.471,6.1,7.6,.799,1.7,4.1,5.8,4.3,1.2,0.7,2.7,3.0,24.2,AS,cartevi01
14,Jason Richardson,25,GSW,SG,75,75,38.4,8.5,19.2,.446,2.4,6.4,.384,6.1,12.8,.477,.509,3.7,5.5,.673,1.4,4.4,5.8,3.1,1.3,0.5,2.2,2.7,23.2,,richaja01
15,Chris Bosh,21,TOR,C,70,70,39.3,7.8,15.5,.505,0.0,0.2,.000,7.8,15.3,.511,.505,6.8,8.3,.816,2.9,6.3,9.2,2.6,0.7,1.1,2.2,3.0,22.5,AS,boshch01
16,Yao Ming,25,HOU,C,57,57,34.2,8.2,15.8,.519,0.0,0.0,.000,8.2,15.8,.519,.519,5.9,6.9,.853,2.6,7.6,10.2,1.5,0.5,1.6,2.6,3.4,22.3,ASNBA3,mingya01
17,Kevin Garnett,29,MIN,PF,76,76,38.9,8.2,15.7,.526,0.1,0.4,.267,8.1,15.3,.532,.529,5.2,6.4,.810,2.8,9.9,12.7,4.1,1.4,1.4,2.4,2.7,21.8,DPOY-13AS,garneke01
18,Shawn Marion,27,PHO,PF,81,81,40.3,8.8,16.9,.525,1.2,3.6,.331,7.7,13.3,.577,.560,3.0,3.7,.809,3.1,8.8,11.8,1.8,2.0,1.7,1.5,2.8,21.8,MVP-10DPOY-7ASNBA3,mariosh01
19,Mike Bibby,27,SAC,PG,82,82,38.6,7.3,16.9,.432,2.3,6.1,.386,4.9,10.8,.458,.501,4.2,4.9,.849,0.4,2.6,2.9,5.4,1.0,0.1,2.4,2.1,21.1,,bibbymi01
20,Antawn Jamison,29,WAS,SF,82,80,40.1,8.0,18.2,.442,1.8,4.5,.394,6.3,13.7,.458,.491,2.6,3.6,.731,2.0,7.3,9.3,1.9,1.1,0.1,1.7,2.3,20.5,,jamisan01
21,Pau Gasol,25,MEM,PF,80,80,39.2,7.5,14.9,.503,0.0,0.2,.250,7.5,14.8,.505,.504,5.3,7.7,.689,2.4,6.5,8.9,4.6,0.6,1.9,2.9,2.3,20.4,AS,gasolpa01
22,Mike James,30,TOR,PG,79,79,37.0,7.3,15.5,.469,2.1,4.8,.442,5.2,10.7,.481,.538,3.6,4.3,.837,0.6,2.7,3.3,5.8,0.9,0.0,2.6,2.7,20.3,,jamesmi01
23,Joe Johnson,24,ATL,SG,82,82,40.7,7.7,17.0,.453,1.6,4.4,.356,6.1,12.6,.487,.499,3.2,4.0,.791,1.2,2.9,4.1,6.5,1.3,0.4,3.3,2.3,20.2,,johnsjo02
24,Chris Webber,32,PHI,PF,75,75,38.6,8.2,19.0,.434,0.3,1.0,.273,7.9,17.9,.443,.441,3.5,4.6,.756,2.5,7.4,9.9,3.4,1.4,0.8,2.4,2.9,20.2,,webbech01
25,Richard Hamilton,27,DET,SG,80,80,35.3,8.1,16.5,.491,0.7,1.5,.458,7.4,15.0,.494,.512,3.2,3.8,.845,1.1,2.2,3.2,3.4,0.7,0.2,2.2,2.6,20.1,AS,hamilri01
26,Rashard Lewis,26,SEA,SF,78,77,36.9,6.9,14.8,.467,1.8,4.7,.384,5.1,10.0,.507,.529,4.5,5.5,.818,1.4,3.6,5.0,2.3,1.3,0.6,1.8,2.4,20.1,,lewisra02
27,Jermaine O'Neal,27,IND,PF,51,47,35.3,7.5,15.8,.472,0.1,0.2,.300,7.4,15.6,.474,.474,5.1,7.2,.709,2.0,7.3,9.3,2.6,0.5,2.3,3.0,3.5,20.1,AS,onealje01
28,Shaquille O'Neal,33,MIA,C,59,58,30.6,8.1,13.6,.600,0.0,0.0,,8.1,13.6,.600,.600,3.7,8.0,.469,2.9,6.3,9.2,1.9,0.4,1.8,2.8,3.9,20.0,ASNBA1,onealsh01
29,Richard Jefferson,25,NJN,SF,78,78,39.2,6.3,12.9,.493,0.8,2.4,.319,5.6,10.5,.532,.522,6.0,7.4,.812,1.2,5.6,6.8,3.8,0.8,0.2,2.2,2.5,19.5,,jefferi01
30,Ricky Davis,26,2TM,SG,78,78,41.1,7.5,16.7,.448,0.9,3.1,.302,6.6,13.6,.481,.476,3.5,4.4,.797,0.8,3.7,4.5,5.1,1.2,0.2,2.7,2.4,19.4,,davisri01
30,Ricky Davis,26,BOS,SG,42,42,41.6,7.8,16.9,.464,1.0,3.0,.320,6.9,13.9,.495,.492,3.1,3.9,.787,1.0,3.5,4.5,5.3,1.2,0.2,2.7,2.2,19.7,,davisri01
30,Ricky Davis,26,MIN,SF,36,36,40.6,7.1,16.5,.429,0.9,3.3,.282,6.2,13.3,.464,.456,4.1,5.0,.807,0.7,3.9,4.6,4.8,1.2,0.2,2.7,2.8,19.1,,davisri01
31,Wally Szczerbiak,28,2TM,SF,72,71,37.9,6.8,14.1,.487,1.4,3.5,.400,5.4,10.5,.517,.538,3.9,4.3,.897,1.1,3.3,4.3,3.0,0.6,0.3,1.9,2.1,19.0,,szczewa02
31,Wally Szczerbiak,28,MIN,SF,40,40,38.9,7.3,14.8,.495,1.5,3.6,.406,5.9,11.2,.523,.544,4.1,4.6,.896,0.9,3.9,4.8,2.8,0.5,0.4,2.2,2.3,20.1,,szczewa02
31,Wally Szczerbiak,28,BOS,SF,32,31,36.7,6.3,13.2,.476,1.4,3.5,.393,4.9,9.7,.506,.528,3.6,4.0,.898,1.3,2.6,3.8,3.2,0.6,0.1,1.6,1.9,17.5,,szczewa02
32,Tony Parker,23,SAS,PG,80,80,33.9,7.8,14.2,.548,0.1,0.5,.306,7.7,13.8,.556,.553,3.2,4.5,.707,0.5,2.8,3.3,5.8,1.0,0.1,3.1,2.0,18.9,MVP-9AS,parketo01
33,Steve Nash,31,PHO,PG,79,79,35.4,6.8,13.4,.512,1.9,4.3,.439,4.9,9.0,.548,.583,3.3,3.5,.921,0.6,3.6,4.2,10.5,0.8,0.2,3.5,1.5,18.8,MVP-1ASNBA1,nashst01
34,Tim Duncan,29,SAS,PF,80,80,34.8,7.2,14.8,.484,0.0,0.1,.400,7.2,14.8,.485,.485,4.2,6.7,.629,2.9,8.1,11.0,3.2,0.9,2.0,2.5,2.7,18.6,MVP-8DPOY-6ASNBA2,duncati01
35,Al Harrington,25,ATL,PF,76,76,36.6,7.3,16.1,.452,0.9,2.5,.346,6.4,13.5,.471,.479,3.2,4.6,.694,1.7,5.1,6.9,3.1,1.1,0.2,2.6,4.0,18.6,,harrial01
36,Chauncey Billups,29,DET,PG,81,81,36.1,5.2,12.5,.418,2.3,5.2,.433,3.0,7.2,.407,.509,5.7,6.4,.894,0.5,2.6,3.1,8.6,0.9,0.1,2.1,2.0,18.5,MVP-5ASNBA2,billuch01
37,Peja Stojaković,28,2TM,SF,71,71,36.6,6.3,14.3,.437,2.3,5.7,.401,4.0,8.6,.461,.517,3.4,3.7,.915,1.1,4.7,5.8,1.9,0.6,0.1,1.5,2.4,18.2,,stojape01
37,Peja Stojaković,28,SAC,SF,31,31,37.0,5.5,13.7,.403,2.3,5.8,.397,3.2,7.9,.408,.487,3.2,3.4,.933,1.1,4.2,5.3,2.2,0.6,0.1,1.6,2.6,16.5,,stojape01
37,Peja Stojaković,28,IND,SF,40,40,36.4,6.9,14.9,.461,2.3,5.6,.404,4.6,9.2,.496,.538,3.5,3.9,.903,1.1,5.1,6.3,1.7,0.7,0.2,1.3,2.2,19.5,,stojape01
38,Mehmet Okur,26,UTA,PF,82,82,35.9,6.3,13.8,.460,1.0,2.9,.342,5.4,10.9,.491,.496,4.3,5.5,.780,2.6,6.5,9.1,2.4,0.5,0.9,2.0,3.5,18.0,,okurme01
39,Zach Randolph,24,POR,PF,74,71,34.4,7.2,16.6,.436,0.2,0.7,.291,7.0,15.9,.443,.443,3.3,4.6,.714,2.6,5.4,8.0,1.9,0.8,0.2,2.2,2.5,18.0,,randoza01
40,Baron Davis,26,GSW,PG,54,48,36.5,6.2,15.9,.389,1.9,6.0,.315,4.3,9.9,.434,.448,3.6,5.4,.675,0.8,3.5,4.4,8.9,1.6,0.3,2.9,3.1,17.9,,davisba01
41,Corey Maggette,26,LAC,SF,32,13,29.5,5.2,11.7,.445,0.8,2.2,.338,4.5,9.5,.470,.477,6.6,8.0,.828,0.9,4.4,5.3,2.1,0.6,0.1,2.4,3.0,17.8,,maggeco01
42,Metta World Peace,26,2TM,SF,56,56,39.4,6.3,15.5,.404,1.4,4.5,.308,4.9,11.0,.443,.449,3.7,5.4,.675,1.3,3.8,5.1,3.6,2.2,0.7,2.3,2.9,17.6,DPOY-4,artesro01
42,Metta World Peace,26,IND,SF,16,16,37.7,6.8,14.8,.460,1.1,3.4,.333,5.7,11.4,.497,.498,4.6,7.6,.612,1.6,3.3,4.9,2.2,2.6,0.7,2.7,2.8,19.4,,artesro01
42,Metta World Peace,26,SAC,SF,40,40,40.1,6.0,15.8,.383,1.5,5.0,.302,4.5,10.8,.420,.430,3.3,4.6,.717,1.2,4.0,5.2,4.2,2.0,0.8,2.2,3.0,16.9,,artesro01
43,Caron Butler,25,WAS,SF,75,54,36.1,6.6,14.5,.455,0.5,1.6,.342,6.0,12.9,.469,.474,3.9,4.4,.870,1.5,4.7,6.2,2.5,1.7,0.2,2.3,3.2,17.6,,butleca01
44,Sam Cassell,36,LAC,PG,78,75,34.0,6.3,14.3,.443,0.9,2.4,.368,5.4,11.8,.459,.475,3.7,4.3,.863,0.5,3.2,3.7,6.3,0.9,0.1,2.2,2.9,17.2,,cassesa01
45,Jason Terry,28,DAL,PG,80,80,35.0,6.5,13.7,.470,2.1,5.2,.411,4.3,8.5,.505,.547,2.1,2.6,.800,0.4,1.6,2.0,3.8,1.3,0.3,1.7,2.5,17.1,,terryja01
46,David West,25,NOK,PF,74,74,34.1,7.2,14.0,.512,0.0,0.1,.273,7.1,13.9,.514,.513,2.7,3.2,.843,2.3,5.1,7.4,1.2,0.8,0.9,1.4,2.9,17.1,,westda01
47,Ben Gordon,22,CHI,SG,80,47,31.0,6.1,14.4,.422,2.1,4.8,.435,4.0,9.6,.416,.494,2.6,3.4,.787,0.5,2.2,2.7,3.0,0.9,0.1,2.3,3.0,16.9,,gordobe01
48,Morris Peterson,28,TOR,SG,82,77,38.3,5.8,13.4,.436,2.2,5.5,.395,3.7,7.9,.465,.517,2.9,3.6,.820,0.8,3.9,4.6,2.3,1.3,0.2,1.5,2.7,16.8,,petermo01
49,Stephen Jackson,27,IND,SG,81,81,35.9,5.8,14.2,.411,1.4,4.2,.345,4.4,10.0,.439,.462,3.3,4.2,.786,0.6,3.3,3.9,2.8,1.3,0.5,2.5,2.4,16.4,,jacksst02
50,Carlos Boozer,24,UTA,PF,33,19,31.1,6.6,12.1,.549,0.0,0.0,,6.6,12.1,.549,.549,3.0,4.2,.723,2.2,6.4,8.6,2.7,0.9,0.2,2.1,3.2,16.3,,boozeca01
51,Stephon Marbury,28,NYK,PG,60,60,36.6,5.8,12.9,.451,0.6,1.7,.317,5.3,11.2,.472,.472,4.1,5.4,.755,0.4,2.5,2.9,6.4,1.1,0.1,2.6,2.4,16.3,,marbust01
52,Chris Paul,20,NOK,PG,78,78,36.0,5.2,12.1,.430,0.6,2.3,.282,4.6,9.9,.464,.456,5.1,6.0,.847,0.8,4.3,5.1,7.8,2.2,0.1,2.3,2.8,16.1,ROY-1,paulch01
53,Kirk Hinrich,25,CHI,PG,81,81,36.5,5.6,13.3,.418,1.6,4.2,.370,4.0,9.1,.441,.477,3.2,3.9,.815,0.4,3.2,3.6,6.3,1.2,0.3,2.3,3.1,15.9,,hinriki01
54,Dwight Howard,20,ORL,PF,82,81,36.8,5.7,10.7,.531,0.0,0.0,.000,5.7,10.7,.532,.531,4.3,7.3,.595,3.5,9.0,12.5,1.5,0.8,1.4,2.6,3.4,15.8,,howardw01
55,Josh Howard,25,DAL,SF,59,58,32.5,5.9,12.6,.471,0.5,1.1,.429,5.5,11.5,.475,.489,3.3,4.5,.734,2.1,4.2,6.3,1.9,1.2,0.4,1.3,2.8,15.6,,howarjo01
56,Zydrunas Ilgauskas,30,CLE,C,78,78,29.3,5.8,11.4,.506,0.0,0.1,.000,5.8,11.3,.509,.506,4.1,4.9,.834,3.1,4.4,7.6,1.2,0.5,1.7,2.0,3.6,15.6,,ilgauzy01
57,Larry Hughes,27,CLE,SG,36,31,35.6,5.3,13.0,.409,0.8,2.1,.368,4.6,10.9,.417,.439,4.1,5.4,.756,0.7,3.8,4.5,3.6,1.5,0.6,2.8,3.3,15.5,,hughela01
58,Andrei Kirilenko,24,UTA,SF,69,63,37.7,4.9,10.6,.460,0.5,1.7,.308,4.3,8.9,.489,.485,5.0,7.2,.699,2.3,5.7,8.0,4.3,1.5,3.2,2.9,2.3,15.3,DPOY-3,kirilan01
59,Gerald Wallace,23,CHA,SF,55,52,34.5,5.8,10.7,.538,0.3,0.9,.280,5.5,9.8,.562,.550,3.4,5.6,.614,2.2,5.3,7.5,1.7,2.5,2.1,1.8,2.7,15.2,DPOY-9,wallage01
60,Manu Ginóbili,28,SAS,SG,65,56,27.9,4.8,10.3,.462,1.3,3.3,.382,3.5,7.0,.500,.524,4.3,5.5,.778,0.6,2.9,3.5,3.6,1.6,0.4,1.9,2.4,15.1,,ginobma01
61,Grant Hill,33,ORL,SF,21,17,29.2,5.7,11.6,.490,0.1,0.4,.250,5.6,11.2,.498,.494,3.7,4.9,.765,0.7,3.1,3.8,2.3,1.1,0.3,1.7,2.4,15.1,,hillgr01
62,Rasheed Wallace,31,DET,PF,80,80,34.8,5.7,13.3,.430,1.9,5.4,.357,3.8,7.9,.480,.503,1.7,2.3,.743,1.1,5.7,6.8,2.3,1.0,1.6,1.1,2.9,15.1,DPOY-13AS,wallara01
63,Brad Miller,29,SAC,C,79,79,37.0,5.5,11.1,.495,0.4,1.1,.386,5.1,10.0,.507,.514,3.5,4.3,.828,1.5,6.2,7.8,4.7,0.8,0.8,2.3,3.0,15.0,,millebr01
64,Hedo Türkoğlu,26,ORL,SF,78,59,33.5,5.1,11.2,.454,1.5,3.6,.403,3.6,7.6,.478,.519,3.3,3.8,.861,0.9,3.4,4.3,2.8,0.9,0.3,1.7,3.0,14.9,,turkohe01
65,Cuttino Mobley,30,LAC,SG,79,74,37.7,5.4,12.8,.426,1.1,3.1,.339,4.4,9.7,.453,.467,2.9,3.5,.839,0.6,3.7,4.3,3.0,1.2,0.5,1.8,2.6,14.8,,moblecu01
66,Lamar Odom,26,LAL,PF,80,80,40.3,5.6,11.6,.481,1.0,2.7,.372,4.6,8.9,.514,.524,2.7,3.9,.690,2.3,7.0,9.2,5.5,0.9,0.8,2.7,3.2,14.8,,odomla01
67,Raja Bell,29,PHO,SG,79,79,37.5,5.4,11.8,.457,2.5,5.6,.442,2.9,6.1,.471,.563,1.5,1.8,.788,0.6,2.6,3.2,2.6,1.0,0.3,1.1,3.1,14.7,DPOY-13,bellra01
68,Jameer Nelson,23,ORL,PG,62,33,28.8,5.6,11.6,.483,1.1,2.7,.424,4.5,8.9,.500,.531,2.3,2.9,.779,0.6,2.3,2.9,4.9,1.1,0.1,2.4,2.8,14.6,,nelsoja01
69,Steve Francis,28,2TM,SG,70,60,34.2,4.8,10.9,.435,0.4,1.2,.301,4.4,9.7,.452,.452,4.5,5.7,.787,1.1,3.1,4.1,4.9,1.1,0.2,3.1,2.9,14.4,,francst01
69,Steve Francis,28,ORL,PG,46,45,37.7,5.4,12.5,.433,0.4,1.5,.257,5.0,11.0,.457,.449,5.0,6.3,.797,1.3,3.5,4.8,5.7,1.1,0.2,3.4,3.1,16.2,,francst01
69,Steve Francis,28,NYK,SG,24,15,27.5,3.5,7.9,.442,0.3,0.5,.538,3.2,7.4,.435,.461,3.5,4.5,.761,0.6,2.4,3.0,3.5,1.0,0.3,2.4,2.6,10.8,,francst01
70,Jamal Crawford,25,NYK,SG,79,27,32.3,4.6,11.1,.416,1.3,3.7,.345,3.4,7.4,.452,.474,3.7,4.5,.826,0.5,2.7,3.1,3.8,1.1,0.2,2.2,1.9,14.3,6MOY-14,crawfja01
71,Luol Deng,20,CHI,SF,78,56,33.4,5.7,12.2,.463,0.3,1.0,.269,5.4,11.2,.481,.474,2.7,3.5,.750,1.6,5.0,6.6,1.9,0.9,0.6,1.3,1.6,14.3,,denglu01
72,Tayshaun Prince,25,DET,SF,82,82,35.3,5.5,12.2,.455,0.8,2.2,.350,4.8,10.0,.479,.487,2.2,2.9,.765,1.3,3.0,4.2,2.3,0.8,0.5,1.1,1.2,14.1,DPOY-13,princta01
73,Darius Miles,24,POR,SF,40,23,32.2,5.9,12.8,.461,0.1,0.3,.200,5.8,12.5,.466,.463,2.2,4.1,.534,0.6,4.0,4.6,1.8,1.1,1.0,2.5,2.5,14.0,,milesda01
74,Troy Murphy,25,GSW,PF,74,74,34.0,4.9,11.3,.433,0.8,2.4,.320,4.1,8.9,.464,.468,3.4,4.3,.787,2.6,7.4,10.0,1.4,0.6,0.4,1.5,2.6,14.0,,murphtr01
75,Andre Miller,29,DEN,PG,82,82,35.8,4.9,10.6,.463,0.1,0.3,.185,4.9,10.3,.472,.466,3.8,5.2,.738,1.1,3.2,4.3,8.2,1.3,0.2,3.1,2.6,13.7,,millean02
76,Mike Miller,25,MEM,SG,74,9,30.6,4.8,10.3,.466,1.9,4.6,.407,2.9,5.7,.513,.557,2.3,2.8,.800,0.6,4.8,5.4,2.7,0.7,0.4,1.9,2.3,13.7,6MOY-1,millemi01
77,Eddy Curry,23,NYK,C,72,69,25.9,4.7,8.3,.563,0.0,0.0,,4.7,8.3,.563,.563,4.3,6.8,.632,2.0,4.0,6.0,0.3,0.4,0.8,2.5,3.3,13.6,,curryed01
78,Bonzi Wells,29,SAC,SG,52,41,32.4,5.5,11.8,.463,0.2,0.9,.222,5.3,10.9,.482,.471,2.5,3.7,.679,2.7,5.0,7.7,2.8,1.8,0.5,2.4,3.0,13.6,,wellsbo01
79,Nenad Krstić,22,NJN,PF,80,80,30.9,5.6,11.0,.507,0.0,0.1,.250,5.6,11.0,.509,.508,2.3,3.3,.698,2.3,4.1,6.4,1.1,0.4,0.8,1.7,3.7,13.5,,krstine01
80,Bobby Simmons,25,MIL,SF,75,74,33.8,4.9,10.8,.453,1.4,3.3,.420,3.5,7.4,.468,.518,2.2,2.7,.825,1.2,3.2,4.4,2.3,1.1,0.3,1.6,3.4,13.4,,simmobo01
81,Boris Diaw,23,PHO,PF,81,70,35.5,5.5,10.5,.526,0.1,0.4,.267,5.4,10.2,.536,.531,2.1,2.9,.731,2.0,4.9,6.9,6.2,0.7,1.0,2.3,3.2,13.3,MIP-1,diawbo01
82,Derek Fisher,31,GSW,PG,82,36,31.6,4.4,10.8,.410,1.4,3.6,.397,3.0,7.2,.417,.476,3.0,3.6,.833,0.4,2.1,2.6,4.3,1.5,0.1,1.9,2.9,13.3,6MOY-16,fishede01
83,Jason Kidd,32,NJN,PG,80,80,37.2,4.6,11.3,.404,1.7,4.9,.352,2.8,6.4,.445,.481,2.4,3.1,.795,1.1,6.2,7.3,8.4,1.9,0.4,2.4,2.0,13.3,,kiddja01
84,Emeka Okafor,23,CHA,PF,26,25,33.6,5.0,12.2,.415,0.0,0.0,,5.0,12.2,.415,.415,3.2,4.8,.656,3.6,6.4,10.0,1.2,0.8,1.9,2.0,3.4,13.2,,okafoem01
85,Leandro Barbosa,23,PHO,SG,57,11,27.9,4.8,9.9,.481,1.5,3.4,.444,3.3,6.5,.501,.558,1.9,2.6,.755,0.5,2.1,2.6,2.8,0.8,0.1,1.6,2.5,13.1,6MOY-7,barbole01
86,Andrés Nocioni,26,CHI,PF,82,43,27.3,4.7,10.1,.461,1.1,2.9,.391,3.5,7.2,.489,.517,2.5,3.0,.843,1.1,5.0,6.1,1.4,0.5,0.6,1.5,3.1,13.0,DPOY-13,nocioan01
87,Jerry Stackhouse,31,DAL,SG,55,11,27.7,4.4,11.0,.401,0.7,2.4,.277,3.7,8.6,.436,.431,3.5,4.0,.882,0.6,2.2,2.8,2.9,0.7,0.2,2.2,1.7,13.0,6MOY-3,stackje01
88,Charlie Villanueva,21,TOR,PF,81,36,29.1,5.4,11.6,.463,0.9,2.6,.327,4.5,9.0,.503,.500,1.4,2.0,.706,2.2,4.2,6.4,1.1,0.7,0.8,1.2,3.0,13.0,ROY-26MOY-20,villach01
89,Kenyon Martin,28,DEN,PF,56,49,27.6,5.3,10.7,.495,0.1,0.4,.227,5.2,10.3,.505,.499,2.2,3.0,.712,1.7,4.6,6.3,1.4,0.8,0.9,1.3,3.1,12.9,,martike01
90,Marcus Camby,31,DEN,C,56,54,33.2,5.4,11.6,.465,0.0,0.2,.091,5.4,11.4,.472,.466,2.0,2.8,.712,2.4,9.6,11.9,2.1,1.4,3.3,1.6,2.8,12.8,DPOY-5,cambyma01
91,Earl Boykins,29,DEN,PG,60,0,25.7,4.5,11.0,.410,1.0,3.0,.346,3.5,8.0,.434,.457,2.5,2.9,.874,0.4,1.0,1.4,3.8,0.8,0.1,1.4,1.2,12.6,6MOY-5,boykiea01
92,Brevin Knight,30,CHA,PG,69,67,34.1,4.5,11.2,.399,0.0,0.2,.231,4.4,11.0,.402,.401,3.7,4.6,.803,0.5,2.7,3.2,8.8,2.3,0.1,2.4,2.9,12.6,,knighbr01
93,Matt Harpring,29,UTA,SF,71,32,27.4,4.5,9.5,.475,0.2,0.5,.359,4.3,9.0,.482,.485,3.2,4.4,.725,2.2,3.0,5.2,1.4,0.8,0.2,1.5,2.8,12.5,6MOY-16,harprma01
94,Primož Brezec,26,CHA,C,79,79,27.4,5.2,10.0,.517,0.0,0.0,.000,5.2,10.0,.518,.517,2.1,2.8,.732,2.3,3.3,5.6,0.6,0.2,0.4,1.1,2.9,12.4,,brezepr01
95,Jalen Rose,33,2TM,SG,72,45,27.5,4.0,9.5,.423,0.8,2.4,.343,3.2,7.1,.450,.466,3.4,4.4,.780,0.4,2.5,2.9,2.5,0.4,0.2,1.6,2.2,12.3,,roseja01
95,Jalen Rose,33,TOR,SF,46,22,26.9,3.9,9.7,.404,0.7,2.5,.270,3.2,7.2,.450,.438,3.6,4.7,.765,0.3,2.5,2.8,2.5,0.4,0.2,1.4,2.2,12.1,,roseja01
95,Jalen Rose,33,NYK,SG,26,23,28.7,4.2,9.2,.460,1.1,2.2,.491,3.2,7.0,.451,.519,3.2,3.9,.812,0.5,2.7,3.2,2.6,0.4,0.1,1.9,2.1,12.7,,roseja01
96,Shareef Abdur-Rahim,29,SAC,PF,72,30,27.2,4.6,8.8,.525,0.1,0.3,.227,4.5,8.5,.536,.529,3.0,3.9,.784,1.5,3.5,5.0,2.1,0.7,0.6,1.5,3.2,12.3,6MOY-10,abdursh01
97,Speedy Claxton,27,NOK,PG,71,3,28.4,4.3,10.4,.413,0.2,0.9,.270,4.0,9.5,.426,.425,3.5,4.5,.769,0.5,2.2,2.7,4.8,1.5,0.1,2.2,2.5,12.3,6MOY-2,claxtsp01
98,Juan Dixon,27,POR,SG,76,42,25.3,4.7,10.8,.435,0.9,2.2,.382,3.8,8.6,.449,.474,2.1,2.6,.804,0.4,1.9,2.3,2.0,0.8,0.1,1.5,2.1,12.3,,dixonju01
99,Channing Frye,22,NYK,C,65,14,24.2,4.7,9.8,.477,0.0,0.1,.333,4.6,9.7,.479,.479,2.9,3.5,.825,2.1,3.6,5.8,0.8,0.5,0.7,1.5,3.1,12.3,ROY-56MOY-11,fryech01
100,Andre Iguodala,22,PHI,SF,82,82,37.6,4.2,8.4,.500,0.7,1.9,.354,3.5,6.5,.543,.541,3.2,4.3,.754,1.4,4.4,5.9,3.1,1.6,0.3,1.9,2.4,12.3,DPOY-12,iguodan01
101,Jason Williams,30,MIA,PG,59,56,31.8,4.5,10.3,.442,1.8,4.9,.372,2.7,5.4,.506,.531,1.4,1.7,.867,0.1,2.3,2.4,4.9,0.9,0.1,1.7,1.7,12.3,,willija02
102,T.J. Ford,22,MIL,PG,72,70,35.5,4.6,11.0,.416,0.5,1.4,.337,4.1,9.5,.428,.438,2.6,3.4,.754,0.9,3.4,4.3,6.6,1.4,0.1,3.0,2.7,12.2,,fordtj01
103,Antoine Walker,29,MIA,PF,82,19,26.8,4.8,11.0,.435,1.7,4.7,.358,3.1,6.3,.493,.512,1.0,1.6,.628,1.3,3.9,5.1,2.0,0.6,0.4,1.8,2.3,12.2,6MOY-11,walkean02
104,Ruben Patterson,30,2TM,SG,71,22,25.2,4.6,8.9,.515,0.0,0.2,.077,4.6,8.8,.524,.516,2.9,4.8,.601,1.7,1.8,3.4,1.8,1.1,0.3,2.1,2.1,12.1,,patteru01
104,Ruben Patterson,30,POR,SF,45,2,23.5,4.2,8.4,.496,0.0,0.2,.000,4.2,8.3,.505,.496,3.1,5.0,.611,1.6,1.8,3.4,1.3,0.9,0.3,1.8,1.8,11.4,,patteru01
104,Ruben Patterson,30,DEN,SG,26,20,28.3,5.3,9.8,.543,0.0,0.2,.167,5.3,9.6,.552,.545,2.5,4.3,.580,1.7,1.7,3.5,2.6,1.3,0.3,2.6,2.7,13.2,,patteru01
105,Rafer Alston,29,HOU,PG,63,63,38.6,4.4,11.7,.379,1.6,5.0,.327,2.8,6.8,.418,.449,1.6,2.3,.692,0.6,3.5,4.0,6.7,1.6,0.2,2.5,3.1,12.1,,alstora01
106,Mo Williams,23,MIL,PG,58,12,26.4,4.6,10.8,.424,1.3,3.3,.382,3.3,7.6,.443,.483,1.7,1.9,.850,0.5,1.9,2.5,4.0,0.9,0.1,1.8,2.5,12.1,6MOY-8,willima01
107,Raymond Felton,21,CHA,PG,80,54,30.1,4.3,11.0,.391,1.2,3.4,.358,3.1,7.7,.405,.446,2.0,2.8,.725,1.0,2.4,3.3,5.6,1.3,0.1,2.3,2.3,11.9,ROY-4,feltora01
108,Chris Kaman,23,LAC,C,78,78,32.8,4.7,9.1,.523,0.0,0.0,.000,4.7,9.0,.524,.523,2.5,3.2,.770,2.4,7.2,9.6,1.0,0.6,1.4,2.3,3.4,11.9,,kamanch01
109,Juwan Howard,32,HOU,PF,80,80,31.7,4.9,10.7,.459,0.0,0.1,.000,4.9,10.7,.461,.459,1.9,2.4,.806,2.1,4.6,6.7,1.4,0.6,0.1,1.7,2.9,11.8,,howarju01
110,Eddie Jones,34,MEM,SG,75,75,32.5,3.9,9.6,.404,1.8,5.0,.356,2.1,4.6,.457,.497,2.2,2.9,.781,0.5,3.3,3.7,2.4,1.7,0.4,1.2,2.7,11.8,DPOY-13,jonesed02
111,Delonte West,22,BOS,PG,71,71,34.1,4.7,9.6,.487,1.2,3.1,.385,3.5,6.6,.534,.548,1.2,1.4,.851,0.8,3.3,4.1,4.6,1.2,0.6,1.9,2.8,11.8,,westde01
112,Zaza Pachulia,21,ATL,C,78,78,31.4,3.9,8.7,.451,0.0,0.0,.000,3.9,8.7,.452,.451,3.8,5.2,.735,3.4,4.5,7.9,1.7,1.1,0.5,2.3,3.7,11.7,,pachuza01
113,Damon Stoudamire,32,MEM,PG,27,27,31.9,4.2,10.6,.397,1.3,3.9,.346,2.9,6.8,.426,.460,2.0,2.3,.855,0.9,2.7,3.5,4.7,0.7,0.0,2.0,1.8,11.7,,stoudda01
114,Mike Dunleavy,25,GSW,SF,81,68,31.8,4.1,10.1,.406,0.9,3.2,.285,3.2,6.9,.462,.451,2.4,3.1,.778,1.0,4.0,4.9,2.9,0.7,0.4,1.5,2.5,11.5,,dunlemi02
115,Kyle Korver,24,PHI,SF,82,43,31.3,4.0,9.3,.430,2.2,5.3,.420,1.7,3.9,.443,.551,1.2,1.5,.849,0.3,3.0,3.3,2.0,0.8,0.3,1.2,2.7,11.5,,korveky01
116,Smush Parker,24,LAL,PG,82,82,33.8,4.2,9.5,.447,1.5,4.0,.366,2.8,5.5,.506,.524,1.5,2.2,.694,0.5,2.9,3.3,3.7,1.7,0.2,1.8,2.6,11.5,,parkesm01
117,Luke Ridnour,24,SEA,PG,79,77,33.2,4.2,10.1,.418,0.5,1.9,.289,3.7,8.2,.448,.445,2.5,2.9,.877,0.6,2.4,3.0,7.0,1.6,0.3,2.1,2.3,11.5,,ridnolu01
118,Bobby Jackson,32,MEM,PG,71,15,25.0,4.0,10.5,.382,1.8,4.7,.389,2.2,5.9,.377,.469,1.5,2.1,.733,0.6,2.5,3.1,2.7,0.9,0.0,1.4,2.2,11.4,6MOY-16,jacksbo01
119,Mark Blount,30,2TM,C,81,55,27.7,4.6,9.1,.508,0.0,0.0,,4.6,9.1,.508,.508,2.1,2.7,.757,1.2,3.3,4.5,1.2,0.5,0.9,2.4,3.1,11.3,,blounma01
119,Mark Blount,30,BOS,C,39,25,27.8,5.0,9.7,.511,0.0,0.0,,5.0,9.7,.511,.511,2.5,3.3,.764,0.9,3.2,4.2,1.7,0.4,0.9,3.1,2.7,12.4,,blounma01
119,Mark Blount,30,MIN,C,42,30,27.5,4.3,8.4,.506,0.0,0.0,,4.3,8.4,.506,.506,1.7,2.3,.747,1.4,3.4,4.8,0.8,0.6,1.0,1.8,3.5,10.2,,blounma01
120,Josh Smith,20,ATL,SF,80,73,32.0,4.1,9.7,.425,0.4,1.4,.309,3.7,8.3,.444,.447,2.6,3.7,.719,2.2,4.4,6.6,2.4,0.8,2.6,2.0,3.3,11.3,,smithjo03
121,Ronald Murray,26,2TM,SG,76,27,27.8,4.2,10.1,.418,0.5,1.9,.262,3.7,8.3,.453,.442,2.3,3.2,.711,0.4,1.6,2.0,2.6,0.9,0.1,1.8,1.8,11.2,,murraro01
121,Ronald Murray,26,SEA,SG,48,2,22.6,3.7,9.4,.397,0.4,1.6,.224,3.4,7.8,.432,.416,2.1,2.9,.717,0.4,1.4,1.8,2.5,0.6,0.1,1.6,1.4,9.9,,murraro01
121,Ronald Murray,26,CLE,SG,28,25,36.7,5.1,11.3,.448,0.7,2.3,.308,4.4,9.0,.484,.479,2.6,3.7,.702,0.5,1.9,2.4,2.8,1.4,0.3,2.0,2.3,13.5,,murraro01
122,Tyronn Lue,28,ATL,PG,51,10,24.2,3.8,8.2,.459,1.1,2.5,.457,2.6,5.7,.460,.529,2.3,2.7,.855,0.3,1.4,1.6,3.1,0.5,0.1,1.5,2.2,11.0,,luety01
123,DeShawn Stevenson,24,ORL,SG,82,82,32.3,4.4,9.5,.460,0.0,0.2,.133,4.4,9.3,.466,.461,2.2,3.0,.744,0.7,2.2,2.9,2.0,0.7,0.2,1.5,2.2,11.0,,stevede01
124,Kevin Martin,22,SAC,SG,72,41,26.6,3.6,7.6,.480,0.9,2.5,.369,2.7,5.1,.534,.540,2.6,3.1,.847,0.8,2.8,3.6,1.3,0.8,0.1,1.1,1.9,10.8,,martike02
125,Desmond Mason,28,NOK,SF,70,55,30.0,3.9,9.9,.399,0.0,0.1,.167,3.9,9.8,.401,.399,2.9,4.3,.682,0.9,3.3,4.3,0.9,0.6,0.2,1.6,1.9,10.8,,masonde01
126,Deron Williams,21,UTA,PG,80,47,28.8,4.2,10.1,.421,1.1,2.7,.416,3.1,7.3,.423,.478,1.2,1.7,.704,0.4,2.0,2.4,4.5,0.8,0.2,1.8,2.9,10.8,ROY-6,willide01
127,Drew Gooden,24,CLE,PF,79,79,27.5,4.2,8.3,.512,0.0,0.0,.333,4.2,8.2,.513,.513,2.2,3.3,.682,3.0,5.4,8.4,0.7,0.7,0.6,1.3,2.4,10.7,,goodedr01
128,Gordan Giriček,28,UTA,SG,37,36,25.8,4.5,10.4,.433,0.5,1.6,.305,4.0,8.8,.457,.457,1.2,1.5,.754,0.4,1.5,1.9,1.7,0.4,0.1,1.7,2.4,10.6,,giricgo01
129,Jumaine Jones,26,CHA,PF,76,42,27.5,3.9,9.7,.405,1.5,4.4,.343,2.4,5.3,.456,.483,1.2,1.6,.727,1.4,3.6,4.9,0.8,0.9,0.3,1.0,2.6,10.5,,jonesju01
130,Tim Thomas,28,2TM,SF,29,10,23.0,3.9,9.0,.431,1.6,3.8,.414,2.3,5.2,.444,.519,1.0,1.4,.667,0.8,3.8,4.5,0.7,0.6,0.2,1.1,2.7,10.3,,thomati01
130,Tim Thomas,28,CHI,SF,3,0,10.7,2.0,5.3,.375,0.3,2.0,.167,1.7,3.3,.500,.406,0.0,0.0,,0.0,1.3,1.3,0.7,0.0,0.3,0.3,0.3,4.3,,thomati01
130,Tim Thomas,28,PHO,PF,26,10,24.4,4.1,9.5,.435,1.7,4.0,.429,2.4,5.4,.440,.526,1.1,1.6,.667,0.8,4.0,4.9,0.7,0.6,0.2,1.2,3.0,11.0,,thomati01
131,Marquis Daniels,25,DAL,SG,62,29,28.5,4.0,8.3,.480,0.1,0.3,.211,3.9,8.0,.491,.484,2.2,3.0,.754,1.3,2.3,3.6,2.8,1.1,0.2,1.6,2.3,10.2,,daniema01
132,Chris Mihm,26,LAL,C,59,56,26.1,3.9,7.8,.501,0.0,0.0,,3.9,7.8,.501,.501,2.4,3.4,.716,2.3,4.0,6.3,1.0,0.3,1.2,1.4,3.6,10.2,,mihmch01
133,Shane Battier,27,MEM,SF,81,81,35.0,3.7,7.7,.488,0.8,2.0,.394,2.9,5.6,.522,.540,1.8,2.6,.707,2.0,3.3,5.3,1.7,1.1,1.4,1.1,2.8,10.1,DPOY-10,battish01
134,Michael Finley,32,SAS,SG,77,18,26.5,3.7,9.0,.412,1.4,3.6,.394,2.3,5.4,.423,.491,1.3,1.5,.852,0.4,2.8,3.2,1.5,0.5,0.1,0.8,1.3,10.1,6MOY-9,finlemi01
135,Kareem Rush,25,CHA,SG,47,25,23.6,3.9,10.0,.386,1.2,3.5,.348,2.6,6.5,.407,.447,1.2,1.6,.714,0.4,1.8,2.2,1.1,0.8,0.3,1.4,1.7,10.1,,rushka01
136,Marcus Banks,24,2TM,PG,58,29,25.8,3.8,8.1,.468,0.4,1.1,.349,3.4,7.0,.486,.491,2.0,2.5,.803,0.4,1.9,2.3,3.8,0.9,0.2,2.1,2.8,10.0,,banksma01
136,Marcus Banks,24,BOS,PG,18,1,14.9,1.8,4.4,.413,0.3,1.1,.316,1.5,3.4,.443,.450,1.5,1.7,.900,0.2,0.8,1.1,1.8,0.4,0.0,1.3,2.1,5.5,,banksma01
136,Marcus Banks,24,MIN,PG,40,28,30.7,4.7,9.7,.479,0.4,1.1,.364,4.3,8.6,.494,.500,2.3,2.9,.778,0.5,2.4,2.9,4.7,1.2,0.3,2.4,3.1,12.0,,banksma01
137,Josh Childress,22,ATL,SF,74,10,30.4,3.8,6.8,.552,0.4,0.9,.492,3.3,5.9,.560,.583,2.1,2.7,.766,1.8,3.4,5.2,1.8,1.2,0.5,1.4,2.5,10.0,,childjo01
138,Devin Harris,22,DAL,PG,56,4,22.8,3.4,7.2,.469,0.1,0.4,.238,3.3,6.9,.482,.475,3.0,4.2,.716,0.5,1.8,2.2,3.2,0.9,0.3,1.5,2.2,9.9,6MOY-20,harride01
139,David Wesley,35,HOU,SG,71,59,33.4,3.2,7.9,.403,1.4,3.8,.365,1.8,4.1,.438,.491,2.1,2.6,.807,0.3,2.2,2.5,2.9,0.8,0.1,1.7,3.0,9.9,,wesleda01
140,Vladimir Radmanović,25,2TM,PF,77,27,25.6,3.4,8.4,.407,1.8,4.6,.390,1.6,3.8,.429,.515,1.2,1.5,.816,0.8,3.8,4.6,1.8,0.8,0.4,1.2,2.7,9.8,,radmavl01
140,Vladimir Radmanović,25,SEA,PF,47,16,23.2,3.3,8.2,.401,1.5,4.2,.367,1.7,4.0,.436,.495,1.2,1.3,.887,0.8,3.1,4.0,1.5,0.7,0.3,1.1,2.8,9.3,,radmavl01
140,Vladimir Radmanović,25,LAC,PF,30,11,29.5,3.6,8.6,.417,2.2,5.3,.418,1.4,3.4,.416,.544,1.3,1.7,.731,0.8,4.9,5.7,2.1,1.0,0.5,1.3,2.7,10.7,,radmavl01
141,Melvin Ely,27,CHA,PF,57,22,23.6,3.8,7.5,.508,0.0,0.0,.000,3.8,7.4,.511,.508,2.2,3.4,.667,1.6,3.2,4.9,1.3,0.5,0.8,1.8,2.8,9.8,,elyme01
142,Eddie House,27,PHO,PG,81,0,17.5,4.0,9.4,.422,1.5,3.9,.389,2.4,5.5,.445,.503,0.4,0.5,.805,0.2,1.4,1.6,1.8,0.5,0.1,0.9,1.2,9.8,6MOY-13,houseed01
143,Salim Stoudamire,23,ATL,SG,61,1,20.3,3.3,8.1,.415,1.3,3.5,.380,2.0,4.5,.442,.498,1.6,1.8,.900,0.2,1.7,1.9,1.2,0.4,0.0,1.3,1.9,9.7,,stoudsa01
144,Antonio Daniels,30,WAS,SG,80,17,28.5,2.9,6.9,.418,0.3,1.3,.228,2.6,5.6,.461,.439,3.6,4.2,.845,0.2,1.9,2.2,3.6,0.7,0.1,1.1,1.2,9.6,,daniean01
145,Fred Jones,26,IND,SG,68,2,27.0,3.4,8.2,.417,0.9,2.8,.337,2.5,5.5,.457,.473,1.8,2.4,.763,0.3,2.2,2.5,2.3,0.8,0.3,1.6,2.1,9.6,,jonesfr01
146,Chucky Atkins,31,2TM,PG,71,41,24.1,3.2,8.1,.394,1.4,3.9,.354,1.8,4.2,.431,.479,1.8,2.3,.791,0.3,1.4,1.7,2.8,0.6,0.0,1.2,2.1,9.5,,atkinch01
146,Chucky Atkins,31,WAS,SG,28,2,19.7,2.4,6.2,.379,1.2,3.3,.359,1.2,2.9,.402,.474,0.8,1.1,.710,0.4,1.2,1.6,2.5,0.5,0.0,1.1,2.1,6.7,,atkinch01
146,Chucky Atkins,31,MEM,PG,43,39,27.0,3.7,9.3,.401,1.5,4.2,.352,2.2,5.0,.442,.481,2.5,3.1,.811,0.3,1.5,1.7,3.0,0.7,0.0,1.3,2.2,11.4,,atkinch01
147,Troy Hudson,29,MIN,PG,36,0,22.2,3.5,9.3,.381,1.1,2.8,.396,2.4,6.4,.375,.441,1.3,1.4,.923,0.2,1.0,1.2,2.9,0.3,0.1,1.1,1.5,9.5,,hudsotr01
148,Sebastian Telfair,20,POR,PG,68,30,24.1,3.4,8.5,.394,0.8,2.4,.352,2.5,6.1,.411,.444,1.9,2.6,.743,0.3,1.5,1.8,3.6,1.0,0.1,1.7,2.5,9.5,,telfase01
149,Andrew Bogut,21,MIL,PF,82,77,28.6,3.9,7.4,.533,0.0,0.0,.000,3.9,7.4,.536,.533,1.5,2.4,.629,2.3,4.7,7.0,2.3,0.6,0.8,1.5,3.2,9.4,ROY-3,bogutan01
150,Keyon Dooling,25,ORL,PG,50,7,22.7,3.6,8.1,.440,0.3,0.9,.302,3.3,7.2,.456,.456,2.0,2.4,.835,0.2,1.3,1.6,2.2,1.0,0.1,1.6,2.3,9.4,,doolike01
151,Udonis Haslem,25,MIA,PF,81,80,30.8,3.7,7.3,.508,0.0,0.0,.000,3.7,7.3,.509,.508,1.9,2.5,.789,2.1,5.8,7.8,1.2,0.6,0.2,1.0,2.7,9.3,,hasleud01
152,Jarvis Hayes,24,WAS,SG,21,13,24.6,3.7,8.7,.421,0.8,2.2,.362,2.9,6.5,.441,.467,1.2,1.4,.833,0.9,2.7,3.6,1.3,0.8,0.0,1.0,1.8,9.3,,hayesja01
153,James Jones,25,PHO,SF,75,24,23.6,3.2,7.7,.418,1.5,3.8,.386,1.8,3.9,.449,.513,1.4,1.6,.851,0.6,2.8,3.4,0.8,0.5,0.7,0.5,1.9,9.3,,jonesja02
154,Donyell Marshall,32,CLE,PF,81,0,25.6,3.3,8.3,.395,1.6,4.9,.324,1.7,3.4,.496,.490,1.1,1.5,.748,1.3,4.8,6.1,0.7,0.7,0.5,1.1,2.0,9.3,,marshdo01
155,Mickaël Piétrus,23,GSW,SF,52,18,22.7,3.3,8.0,.404,1.1,3.4,.318,2.2,4.7,.467,.471,1.7,2.8,.608,1.1,2.0,3.1,0.8,0.6,0.2,1.5,2.5,9.3,,pietrmi01
156,Nate Robinson,21,NYK,PG,72,26,21.4,3.2,7.8,.407,0.8,2.0,.397,2.4,5.8,.411,.458,2.1,2.8,.752,0.8,1.5,2.3,2.0,0.8,0.0,1.6,2.8,9.3,,robinna01
157,Jamaal Tinsley,27,IND,PG,42,27,26.7,3.8,9.2,.409,0.4,1.7,.229,3.4,7.5,.449,.430,1.4,2.2,.637,0.8,2.3,3.2,5.0,1.2,0.1,2.6,2.3,9.3,,tinslja01
158,Trenton Hassell,26,MIN,SG,77,67,32.6,3.7,8.0,.464,0.1,0.3,.304,3.6,7.7,.470,.470,1.7,2.3,.744,1.1,1.7,2.8,2.6,0.6,0.4,1.6,2.6,9.2,,hassetr01
159,Anthony Johnson,31,IND,PG,75,53,26.4,3.6,8.0,.443,0.7,2.1,.329,2.9,6.0,.482,.485,1.4,1.9,.752,0.4,1.8,2.2,4.3,0.8,0.3,1.5,1.8,9.2,,johnsan02
160,Jamaal Magloire,27,MIL,C,82,82,30.1,3.5,7.5,.467,0.0,0.0,,3.5,7.5,.467,.467,2.2,4.1,.535,2.7,6.8,9.5,0.7,0.4,1.0,2.0,3.4,9.2,,magloja01
161,Darius Songaila,27,CHI,PF,62,7,21.4,3.8,7.9,.481,0.0,0.1,.400,3.8,7.8,.481,.483,1.5,1.9,.817,1.2,2.7,4.0,1.4,0.6,0.3,1.4,2.5,9.2,,songada01
162,Kenny Thomas,28,SAC,PF,82,55,28.0,3.7,7.4,.505,0.0,0.0,.000,3.7,7.4,.506,.505,1.7,2.5,.676,2.4,5.1,7.5,2.0,0.9,0.5,1.6,2.4,9.1,,thomake01
163,P.J. Brown,36,NOK,C,75,73,31.7,3.6,7.8,.461,0.0,0.0,,3.6,7.8,.461,.461,1.9,2.2,.827,2.4,4.9,7.3,1.2,0.6,0.7,1.2,2.9,9.0,DPOY-13,brownpj01
164,Earl Watson,26,2TM,PG,70,10,22.5,3.1,7.3,.430,1.6,3.9,.404,1.6,3.4,.460,.538,1.1,1.6,.676,0.3,1.9,2.3,4.1,1.0,0.1,1.9,2.3,8.9,,watsoea01
164,Earl Watson,26,DEN,PG,46,10,21.2,2.6,6.1,.429,1.5,3.7,.395,1.2,2.4,.482,.550,0.8,1.3,.627,0.4,1.5,1.9,3.5,0.8,0.2,1.6,2.1,7.5,,watsoea01
164,Earl Watson,26,SEA,PG,24,0,25.1,4.1,9.5,.432,1.8,4.2,.420,2.3,5.3,.441,.524,1.6,2.2,.731,0.3,2.7,3.0,5.4,1.3,0.1,2.5,2.7,11.5,,watsoea01
165,Stromile Swift,26,HOU,C,66,5,20.4,3.4,6.9,.491,0.0,0.0,.000,3.4,6.9,.493,.491,2.1,3.2,.651,1.6,2.8,4.4,0.4,0.6,0.8,1.4,3.0,8.9,,swiftst01
166,Keith Van Horn,30,DAL,SF,53,0,20.6,3.1,7.3,.424,0.9,2.6,.368,2.2,4.7,.454,.488,1.8,2.1,.832,1.0,2.6,3.6,0.7,0.6,0.2,1.3,2.3,8.9,,vanhoke01
167,Bracey Wright,21,MIN,SG,7,0,19.3,3.0,7.3,.412,0.9,2.4,.353,2.1,4.9,.441,.471,2.0,2.3,.875,0.4,2.1,2.6,0.7,0.1,0.0,1.1,1.1,8.9,,wrighbr02
168,Luther Head,23,HOU,SG,80,27,28.9,3.2,7.9,.403,1.4,3.9,.361,1.8,4.0,.445,.493,1.1,1.5,.699,0.4,2.9,3.3,2.7,1.1,0.1,1.5,2.1,8.8,ROY-7,headlu01
169,Rasual Butler,26,NOK,SF,79,20,23.7,3.3,8.0,.406,1.2,3.1,.380,2.1,4.9,.422,.479,1.0,1.4,.693,0.6,2.3,2.9,0.5,0.4,0.6,0.8,1.8,8.7,,butlera01
170,Chris Duhon,23,CHI,PG,74,38,29.1,2.9,7.3,.400,1.4,3.8,.360,1.6,3.5,.442,.493,1.6,1.9,.818,0.4,2.6,3.0,5.0,0.9,0.0,1.6,2.1,8.7,,duhonch01
171,Amar'e Stoudemire,23,PHO,C,3,3,16.7,3.0,9.0,.333,0.0,0.3,.000,3.0,8.7,.346,.333,2.7,3.0,.889,2.0,3.3,5.3,0.7,0.3,1.0,0.3,1.3,8.7,,stoudam01
172,Keith Bogans,25,2TM,SG,72,31,26.6,3.0,7.6,.395,0.9,2.8,.325,2.1,4.8,.436,.455,1.8,2.6,.683,0.8,2.8,3.5,1.8,1.0,0.1,1.3,2.3,8.6,,boganke01
172,Keith Bogans,25,CHA,SG,39,9,21.7,2.9,7.4,.396,0.8,2.5,.337,2.1,4.9,.426,.453,2.1,2.7,.762,0.7,2.0,2.7,1.2,1.0,0.1,1.1,2.0,8.7,,boganke01
172,Keith Bogans,25,HOU,SF,33,22,32.2,3.1,7.8,.395,1.0,3.1,.314,2.1,4.7,.448,.457,1.4,2.5,.580,0.8,3.7,4.5,2.5,1.0,0.2,1.5,2.7,8.5,,boganke01
173,Joe Smith,30,MIL,PF,44,5,20.2,3.3,6.9,.475,0.0,0.0,.000,3.3,6.9,.479,.475,2.0,2.6,.774,1.9,3.3,5.2,0.7,0.5,0.3,0.9,2.7,8.6,,smithjo02
174,Kurt Thomas,33,PHO,C,53,50,26.6,3.6,7.4,.486,0.0,0.0,,3.6,7.4,.486,.486,1.4,1.7,.815,1.9,5.9,7.8,1.1,0.4,1.0,1.1,3.6,8.6,,thomaku01
175,Marvin Williams,19,ATL,PF,79,7,24.7,3.0,6.7,.443,0.2,0.7,.245,2.8,6.1,.464,.455,2.4,3.2,.747,1.5,3.3,4.8,0.8,0.6,0.3,1.1,2.9,8.5,,willima02
176,Charlie Bell,26,MIL,SG,59,6,21.7,3.1,6.9,.439,1.2,2.8,.423,1.8,4.1,.450,.526,1.1,1.5,.708,0.4,1.7,2.0,2.2,1.0,0.1,0.7,2.1,8.4,,bellch01
177,Steve Blake,25,POR,PG,68,57,26.2,3.0,6.9,.438,1.1,2.7,.413,1.9,4.2,.455,.519,1.1,1.3,.791,0.4,1.8,2.1,4.5,0.6,0.1,1.2,1.6,8.2,,blakest01
178,Austin Croshere,30,IND,PF,50,26,23.0,2.6,5.7,.463,1.1,2.8,.386,1.6,2.9,.538,.558,1.8,2.0,.882,1.2,4.1,5.3,1.2,0.4,0.1,1.0,2.1,8.2,,croshau01
179,Sean May,21,CHA,PF,23,1,17.3,3.0,7.4,.409,0.0,0.2,.000,3.0,7.2,.422,.409,2.1,2.8,.766,1.8,2.9,4.7,1.0,0.7,0.5,1.4,2.5,8.2,,mayse01
180,Quentin Richardson,25,NYK,SF,55,43,26.2,3.0,8.3,.355,1.2,3.4,.340,1.8,4.9,.365,.425,1.1,1.7,.670,1.2,3.0,4.2,1.6,0.7,0.1,1.0,2.4,8.2,,richaqu01
181,Chris Wilcox,23,2TM,C,77,24,19.9,3.3,5.8,.571,0.0,0.0,.000,3.3,5.8,.574,.571,1.5,2.0,.732,1.5,3.8,5.3,0.7,0.4,0.4,0.9,2.4,8.1,,wilcoch01
181,Chris Wilcox,23,LAC,C,48,1,13.7,1.9,3.5,.536,0.0,0.0,.000,1.9,3.5,.542,.536,0.8,1.2,.644,1.0,2.6,3.6,0.4,0.3,0.4,0.7,2.1,4.5,,wilcoch01
181,Chris Wilcox,23,SEA,PF,29,23,30.1,5.8,9.7,.592,0.0,0.0,,5.8,9.7,.592,.592,2.6,3.2,.787,2.5,5.7,8.2,1.2,0.6,0.4,1.4,2.8,14.1,,wilcoch01
182,Derek Anderson,31,2TM,SG,43,11,24.3,2.5,7.0,.356,0.9,3.1,.299,1.6,3.9,.402,.422,2.2,2.6,.838,0.5,2.8,3.3,2.3,0.5,0.1,1.3,2.3,8.1,,anderde01
182,Derek Anderson,31,HOU,SG,20,8,29.1,3.4,8.7,.393,1.0,3.4,.284,2.5,5.3,.462,.448,3.1,3.7,.836,0.6,3.6,4.2,2.7,0.8,0.2,1.9,2.5,10.8,,anderde01
182,Derek Anderson,31,MIA,SG,23,3,20.2,1.7,5.7,.308,0.9,2.9,.313,0.8,2.7,.302,.388,1.4,1.7,.842,0.4,2.2,2.6,2.1,0.3,0.1,0.7,2.1,5.8,,anderde01
183,Mike Sweetney,23,CHI,C,66,44,18.5,3.0,6.7,.450,0.0,0.0,,3.0,6.7,.450,.450,2.0,3.1,.652,1.8,3.5,5.3,0.9,0.3,0.8,1.4,3.2,8.1,,sweetmi01
184,Kirk Snyder,22,NOK,SG,68,45,19.3,3.0,6.7,.453,0.7,1.9,.357,2.3,4.8,.491,.503,1.3,1.7,.735,0.8,1.6,2.4,1.5,0.4,0.3,1.0,1.6,8.0,,snydeki01
185,Tony Battie,29,ORL,C,82,82,27.0,3.4,6.7,.507,0.0,0.1,.000,3.4,6.7,.513,.507,1.1,1.6,.664,1.8,3.8,5.6,0.6,0.6,0.8,1.1,3.0,7.9,,battito01
186,Brian Cook,25,LAL,PF,81,46,19.0,3.2,6.3,.511,0.4,1.0,.429,2.8,5.3,.527,.546,1.0,1.2,.832,1.1,2.3,3.4,0.9,0.5,0.4,0.8,2.5,7.9,,cookbr01
187,Al Jefferson,21,BOS,PF,59,7,18.0,3.2,6.4,.499,0.0,0.1,.000,3.2,6.4,.504,.499,1.5,2.3,.642,1.6,3.4,5.1,0.5,0.5,0.8,1.1,2.8,7.9,,jeffeal01
188,Rashad McCants,21,MIN,SG,79,12,17.2,3.1,6.8,.450,0.8,2.3,.372,2.2,4.5,.490,.513,1.0,1.3,.736,0.4,1.4,1.8,0.8,0.6,0.3,1.1,2.2,7.9,,mccanra01
189,Marko Jarić,27,MIN,PG,75,49,28.0,3.0,7.5,.399,0.5,1.8,.301,2.5,5.8,.430,.435,1.3,1.8,.688,0.8,2.3,3.1,3.9,1.4,0.3,1.7,2.5,7.8,,jaricma01
190,Raef LaFrentz,29,BOS,PF,82,63,24.8,2.9,6.7,.431,1.4,3.5,.392,1.5,3.2,.474,.533,0.6,0.9,.680,1.0,4.0,5.0,1.4,0.4,0.9,0.8,3.3,7.8,,lafrera01
191,Antonio McDyess,31,DET,PF,82,0,21.1,3.5,6.8,.509,0.0,0.0,.000,3.5,6.8,.511,.509,0.8,1.5,.557,1.9,3.4,5.3,1.1,0.6,0.6,0.9,2.7,7.8,6MOY-4,mcdyean01
192,Alonzo Mourning,35,MIA,C,65,20,20.0,2.9,4.8,.597,0.0,0.0,.000,2.9,4.8,.599,.597,2.0,3.4,.594,1.9,3.6,5.5,0.2,0.2,2.7,1.2,2.7,7.8,DPOY-86MOY-6,mournal01
193,Gary Payton,37,MIA,PG,81,25,28.5,2.8,6.8,.420,0.8,2.8,.287,2.0,3.9,.517,.481,1.2,1.6,.794,0.4,2.5,2.9,3.2,0.9,0.1,1.3,2.1,7.7,,paytoga01
194,J.R. Smith,20,NOK,SG,55,25,18.0,2.6,6.7,.393,0.9,2.5,.371,1.7,4.1,.407,.464,1.5,1.8,.822,0.3,1.7,2.0,1.1,0.7,0.1,1.0,1.6,7.7,,smithjr01
195,Tony Delk,32,2TM,SG,24,0,16.0,3.0,6.7,.441,0.8,2.0,.426,2.1,4.8,.447,.503,0.8,1.1,.741,0.6,1.6,2.2,1.4,0.5,0.0,0.8,1.2,7.6,,delkto01
195,Tony Delk,32,ATL,SG,1,0,7.0,0.0,1.0,.000,0.0,0.0,,0.0,1.0,.000,.000,2.0,2.0,1.000,1.0,1.0,2.0,0.0,0.0,0.0,0.0,0.0,2.0,,delkto01
195,Tony Delk,32,DET,PG,23,0,16.4,3.1,7.0,.444,0.9,2.0,.426,2.2,4.9,.451,.506,0.8,1.1,.720,0.6,1.7,2.2,1.4,0.6,0.0,0.8,1.2,7.8,,delkto01
196,Matt Carroll,25,CHA,SG,78,6,16.3,2.5,6.1,.403,0.9,2.4,.389,1.5,3.7,.412,.479,1.8,2.2,.821,0.4,1.6,2.0,0.4,0.6,0.1,0.6,1.5,7.6,,carroma01
197,Ryan Gomes,23,BOS,PF,61,33,22.6,2.8,5.8,.487,0.0,0.1,.333,2.8,5.7,.491,.492,1.8,2.4,.752,1.7,3.2,4.9,1.0,0.6,0.1,0.9,1.4,7.6,ROY-9,gomesry01
198,Matt Bonner,25,TOR,PF,78,6,21.9,2.7,6.0,.448,1.3,3.1,.420,1.4,2.9,.478,.557,0.8,1.0,.829,1.1,2.5,3.6,0.7,0.6,0.4,0.4,2.8,7.5,,bonnema01
199,Bruce Bowen,34,SAS,SF,82,82,33.6,2.8,6.5,.433,1.3,3.0,.424,1.6,3.5,.440,.530,0.6,1.0,.607,0.4,3.5,3.9,1.5,1.0,0.4,0.8,2.3,7.5,DPOY-2,bowenbr01
200,Devin Brown,27,UTA,SG,81,14,21.1,2.6,6.5,.393,0.5,1.5,.331,2.1,5.0,.411,.430,2.0,2.6,.745,0.9,1.7,2.6,1.3,0.5,0.2,1.2,1.9,7.5,,brownde02
201,Nick Collison,25,SEA,PF,66,27,21.9,3.1,6.0,.525,0.0,0.0,.000,3.1,5.9,.529,.525,1.2,1.7,.699,2.2,3.4,5.6,1.1,0.3,0.5,1.2,3.2,7.5,,collini01
202,Danny Granger,22,IND,SF,78,17,22.6,2.8,6.1,.462,0.4,1.2,.323,2.4,4.9,.496,.494,1.5,1.9,.777,1.7,3.2,4.9,1.2,0.7,0.8,1.0,2.7,7.5,ROY-76MOY-16,grangda01
203,John Salmons,26,PHI,SG,82,24,25.1,2.7,6.4,.420,0.3,1.1,.299,2.4,5.3,.445,.445,1.9,2.4,.775,0.6,2.1,2.7,2.7,0.9,0.2,1.5,2.2,7.5,,salmojo01
204,Kwame Brown,23,LAL,C,72,49,27.5,2.8,5.4,.526,0.0,0.0,.000,2.8,5.4,.527,.526,1.8,3.3,.545,2.5,4.0,6.6,1.0,0.4,0.6,1.4,2.7,7.4,,brownkw01
205,Voshon Lenard,32,2TM,SG,26,6,17.6,2.9,7.3,.393,1.0,3.0,.321,1.9,4.3,.442,.458,0.6,1.2,.516,0.2,1.6,1.8,1.6,0.8,0.2,1.2,1.5,7.3,,lenarvo01
205,Voshon Lenard,32,DEN,SG,12,6,19.8,3.5,8.6,.408,0.8,2.9,.286,2.7,5.7,.471,.456,0.4,1.1,.385,0.2,2.2,2.3,1.5,0.7,0.2,0.9,1.8,8.3,,lenarvo01
205,Voshon Lenard,32,POR,SG,14,0,15.7,2.4,6.3,.375,1.1,3.1,.349,1.3,3.2,.400,.460,0.8,1.3,.611,0.2,1.1,1.4,1.6,0.9,0.1,1.4,1.3,6.6,,lenarvo01
206,Samuel Dalembert,24,PHI,C,66,52,26.7,3.0,5.6,.531,0.0,0.0,.000,3.0,5.6,.533,.531,1.4,2.0,.705,2.4,5.8,8.2,0.4,0.5,2.4,1.6,3.7,7.3,,dalemsa01
207,Brendan Haywood,26,WAS,C,79,70,23.8,2.8,5.5,.514,0.0,0.0,,2.8,5.5,.514,.514,1.7,2.8,.585,2.5,3.4,5.9,0.6,0.4,1.3,1.2,2.9,7.3,,haywobr01
208,Šarūnas Jasikevičius,29,IND,PG,75,15,20.8,2.3,5.7,.396,1.1,3.1,.364,1.1,2.6,.435,.497,1.6,1.8,.910,0.3,1.8,2.0,3.0,0.5,0.1,1.5,1.4,7.3,,jasiksa01
209,Ben Wallace,31,DET,C,82,82,35.2,2.9,5.7,.510,0.0,0.0,.000,2.9,5.6,.514,.510,1.5,3.6,.416,3.7,7.6,11.3,1.9,1.8,2.2,1.1,2.0,7.3,DPOY-1ASNBA2,wallabe01
210,Tony Allen,24,BOS,PG,51,9,19.2,2.5,5.4,.471,0.2,0.7,.324,2.3,4.7,.492,.491,2.0,2.6,.746,0.6,1.5,2.2,1.3,1.0,0.4,1.3,2.5,7.2,,allento01
211,James Posey,29,MIA,SF,67,63,28.6,2.4,5.9,.403,1.7,4.3,.403,0.6,1.6,.400,.551,0.7,0.9,.787,0.5,4.3,4.8,1.3,0.8,0.3,0.9,2.9,7.2,DPOY-13,poseyja01
212,Ike Diogu,22,GSW,PF,69,14,14.9,2.5,4.8,.524,0.0,0.0,,2.5,4.8,.524,.524,2.0,2.4,.810,1.4,1.9,3.3,0.4,0.2,0.4,1.1,2.4,7.0,,dioguik01
213,Willie Green,24,PHI,SG,10,2,15.3,2.8,6.6,.424,1.0,1.9,.526,1.8,4.7,.383,.500,0.4,0.5,.800,0.1,1.4,1.5,0.5,0.2,0.0,1.2,1.3,7.0,,greenwi01
214,Clifford Robinson,39,NJN,PF,80,13,23.3,2.7,6.4,.427,0.8,2.2,.343,2.0,4.2,.470,.485,0.7,1.0,.658,0.7,2.7,3.3,1.1,0.6,0.5,0.8,2.6,6.9,6MOY-14,robincl02
215,Monta Ellis,20,GSW,SG,49,3,18.1,2.7,6.5,.415,0.6,1.7,.341,2.1,4.8,.441,.459,0.9,1.2,.712,0.4,1.7,2.1,1.6,0.7,0.2,1.2,1.4,6.8,,ellismo01
216,Greg Buckner,29,DEN,SG,73,27,24.1,2.5,5.7,.434,1.2,3.3,.354,1.3,2.4,.546,.537,0.6,0.8,.782,0.4,2.4,2.9,1.7,1.2,0.3,0.7,2.5,6.7,,buckngr01
217,Marcus Fizer,27,NOK,PF,3,0,13.0,3.0,5.7,.529,0.3,0.3,1.000,2.7,5.3,.500,.559,0.3,0.7,.500,0.3,2.0,2.3,0.3,0.0,0.0,0.7,1.7,6.7,,fizerma01
218,Joey Graham,23,TOR,SF,80,24,19.8,2.5,5.2,.478,0.4,1.1,.333,2.1,4.1,.517,.513,1.4,1.7,.812,0.7,2.3,3.1,0.8,0.5,0.2,1.2,2.9,6.7,,grahajo01
219,Jarrett Jack,22,POR,SG,79,4,20.2,2.4,5.4,.442,0.3,1.0,.263,2.1,4.5,.480,.465,1.6,2.0,.800,0.2,1.8,2.0,2.8,0.5,0.0,1.3,1.7,6.7,,jackja01
220,Amir Johnson,18,DET,SF,3,0,13.0,2.3,3.3,.700,0.7,1.0,.667,1.7,2.3,.714,.800,1.3,1.3,1.000,1.0,0.3,1.3,1.0,0.0,0.7,1.3,2.3,6.7,,johnsam01
221,Damon Jones,29,CLE,PG,82,7,25.5,2.3,6.0,.387,1.7,4.5,.377,0.6,1.5,.417,.530,0.4,0.6,.640,0.2,1.5,1.6,2.1,0.5,0.0,0.7,1.4,6.7,,jonesda01
222,Qyntel Woods,24,NYK,SF,49,16,20.7,2.6,5.2,.508,0.4,1.2,.367,2.2,4.0,.552,.551,1.0,1.6,.645,0.9,3.0,3.9,1.0,0.7,0.3,1.2,2.0,6.7,,woodsqy01
223,Martell Webster,19,POR,SF,61,18,17.5,2.3,5.7,.399,1.1,3.0,.357,1.2,2.7,.446,.493,1.0,1.2,.859,0.5,1.7,2.1,0.6,0.3,0.2,0.7,1.5,6.6,,webstma02
224,Marc Jackson,31,2TM,C,64,10,16.0,2.7,5.8,.472,0.0,0.0,.500,2.7,5.7,.471,.473,1.0,1.3,.805,1.3,2.0,3.4,0.7,0.2,0.1,1.0,2.0,6.5,,jacksma02
224,Marc Jackson,31,NJN,C,37,0,11.7,1.8,4.0,.446,0.0,0.0,,1.8,4.0,.446,.446,1.0,1.3,.792,0.8,1.6,2.4,0.6,0.1,0.2,0.8,1.9,4.6,,jacksma02
224,Marc Jackson,31,NOK,C,27,10,22.0,4.0,8.2,.489,0.0,0.1,.500,4.0,8.1,.489,.491,1.0,1.3,.824,2.1,2.7,4.7,0.8,0.3,0.1,1.4,2.1,9.1,,jacksma02
225,Damien Wilkins,26,SEA,SF,82,12,18.6,2.4,5.3,.444,0.2,0.7,.250,2.2,4.6,.472,.460,1.7,2.0,.840,1.0,1.4,2.3,1.3,0.9,0.1,1.0,1.8,6.5,,wilkida02
226,Jared Jeffries,24,WAS,PF,77,77,25.3,2.4,5.4,.451,0.2,0.6,.320,2.2,4.7,.468,.470,1.3,2.2,.589,2.1,2.8,4.9,1.9,0.8,0.6,1.3,2.9,6.4,,jeffrja01
227,Bernard Robinson,25,CHA,SF,66,18,19.7,2.4,5.5,.430,0.0,0.3,.095,2.3,5.2,.451,.433,1.6,2.0,.791,0.9,2.4,3.3,1.2,1.2,0.2,1.1,2.1,6.4,,robinbe01
228,Robert Swift,20,SEA,C,47,20,21.0,2.6,5.1,.515,0.0,0.0,,2.6,5.1,.515,.515,1.1,1.9,.582,2.0,3.6,5.6,0.2,0.3,1.2,1.0,3.0,6.4,,swiftro01
229,Devean George,28,LAL,SF,71,5,21.7,2.4,6.0,.400,0.7,2.3,.313,1.7,3.7,.453,.459,0.8,1.2,.674,1.2,2.7,3.9,1.0,0.9,0.5,0.8,2.2,6.3,,georgde01
230,Maurice Taylor,29,NYK,PF,67,13,18.1,2.7,5.8,.468,0.0,0.0,.000,2.7,5.8,.469,.468,0.9,1.2,.699,1.0,2.4,3.4,0.8,0.3,0.2,1.5,2.6,6.3,,tayloma01
231,Nazr Mohammed,28,SAS,C,80,30,17.4,2.4,4.7,.504,0.0,0.0,,2.4,4.7,.504,.504,1.4,1.8,.785,2.0,3.2,5.2,0.5,0.3,0.6,1.1,2.8,6.2,,mohamna01
232,Milt Palacio,27,UTA,PG,71,18,19.4,2.4,5.7,.424,0.0,0.2,.063,2.4,5.5,.439,.426,1.4,2.1,.653,0.2,1.6,1.9,2.7,0.7,0.2,1.5,1.8,6.2,,palacmi01
233,Steven Hunter,24,PHI,C,69,35,19.0,2.5,4.2,.601,0.0,0.0,,2.5,4.2,.601,.601,1.0,2.0,.514,1.6,2.3,3.9,0.2,0.2,1.1,0.9,1.7,6.1,,huntest01
234,DerMarr Johnson,25,DEN,SG,58,21,15.9,2.3,5.3,.431,1.0,2.8,.350,1.3,2.5,.521,.523,0.6,0.7,.810,0.3,1.3,1.7,0.9,0.4,0.4,0.8,1.5,6.1,,johnsde03
235,Joel Przybilla,26,POR,C,56,52,24.9,2.3,4.3,.548,0.0,0.0,,2.3,4.3,.548,.548,1.5,2.8,.532,2.6,4.4,7.0,0.8,0.4,2.3,1.4,2.7,6.1,,przybjo01
236,Jeff Foster,29,IND,C,63,37,25.1,2.2,4.0,.552,0.0,0.1,.000,2.2,3.9,.561,.552,1.5,2.5,.604,3.6,5.6,9.1,0.8,0.7,0.4,1.0,3.0,5.9,,fosteje01
237,Carlos Arroyo,26,2TM,PG,77,0,15.5,2.2,4.9,.444,0.1,0.3,.350,2.1,4.6,.450,.454,1.4,1.8,.774,0.4,1.3,1.7,3.0,0.5,0.1,1.1,1.5,5.8,,arroyca01
237,Carlos Arroyo,26,DET,PG,50,0,12.0,1.1,3.1,.363,0.0,0.1,.333,1.1,3.0,.364,.369,0.8,1.2,.724,0.5,0.9,1.4,3.1,0.4,0.1,0.9,1.5,3.2,,arroyca01
237,Carlos Arroyo,26,ORL,SG,27,0,22.0,4.1,8.2,.502,0.2,0.5,.357,3.9,7.7,.512,.514,2.4,2.9,.810,0.3,1.9,2.2,2.9,0.7,0.0,1.4,1.6,10.8,,arroyca01
238,Alan Anderson,23,CHA,SF,36,7,15.7,2.1,5.0,.414,0.7,1.6,.414,1.4,3.4,.415,.481,0.9,1.1,.805,0.6,1.3,1.9,0.9,0.3,0.1,0.9,1.3,5.8,,anderal01
239,Brent Barry,34,SAS,SG,74,5,17.0,2.1,4.7,.452,1.1,2.7,.396,1.0,1.9,.531,.568,0.5,0.8,.661,0.4,1.8,2.1,1.7,0.5,0.4,0.7,1.3,5.8,,barrybr01
240,Viktor Khryapa,23,POR,SF,69,53,21.6,2.3,5.0,.462,0.1,0.4,.333,2.1,4.5,.474,.477,1.1,1.6,.694,1.7,2.8,4.4,1.3,0.7,0.4,1.2,3.0,5.8,,khryavi01
241,Shaun Livingston,20,LAC,PG,61,14,25.0,2.4,5.7,.427,0.0,0.1,.125,2.4,5.6,.434,.428,0.9,1.3,.688,0.7,2.3,3.0,4.5,0.8,0.5,1.8,2.6,5.8,,livinsh01
242,Travis Outlaw,21,POR,PF,69,11,16.7,2.3,5.3,.440,0.2,0.8,.264,2.1,4.6,.470,.459,0.9,1.3,.697,0.7,2.0,2.7,0.5,0.4,0.7,0.5,1.6,5.8,,outlatr01
243,Lorenzen Wright,30,MEM,C,78,58,21.7,2.5,5.2,.478,0.0,0.0,.000,2.5,5.2,.480,.478,0.8,1.5,.564,1.8,3.2,5.1,0.6,0.7,0.6,0.9,2.6,5.8,,wrighlo02
244,Erick Dampier,30,DAL,C,82,36,23.6,2.1,4.2,.493,0.0,0.0,,2.1,4.2,.493,.493,1.5,2.6,.591,3.3,4.5,7.8,0.6,0.3,1.3,1.4,3.2,5.7,6MOY-20,dampier01
245,David Harrison,23,IND,C,67,17,15.4,2.2,4.4,.503,0.0,0.0,,2.2,4.4,.503,.503,1.3,2.6,.511,1.3,2.5,3.8,0.2,0.3,0.9,1.2,2.9,5.7,,harrida01
246,Reggie Evans,25,2TM,PF,67,25,20.8,2.0,4.0,.489,0.0,0.0,.000,2.0,4.0,.491,.489,1.7,3.2,.530,2.6,4.9,7.5,0.6,0.6,0.1,1.3,2.5,5.6,,evansre01
246,Reggie Evans,25,SEA,PF,41,23,19.2,2.1,4.2,.509,0.0,0.0,.000,2.1,4.2,.512,.509,1.6,2.9,.550,2.8,4.0,6.7,0.6,0.6,0.1,1.0,2.3,5.9,,evansre01
246,Reggie Evans,25,DEN,PF,26,2,23.3,1.7,3.7,.453,0.0,0.0,,1.7,3.7,.453,.453,1.9,3.7,.505,2.2,6.5,8.7,0.6,0.6,0.2,1.7,2.7,5.2,,evansre01
247,Francisco García,24,SAC,SF,67,11,19.4,1.9,4.9,.400,0.6,2.0,.285,1.4,2.8,.484,.460,1.2,1.5,.772,0.6,2.2,2.8,1.4,0.6,0.7,1.1,2.0,5.6,,garcifr01
248,Keith McLeod,26,UTA,PG,66,32,18.7,1.8,5.2,.353,0.4,1.2,.293,1.5,3.9,.372,.388,1.6,2.0,.797,0.2,1.0,1.2,2.3,0.6,0.1,1.2,2.0,5.6,,mcleoke01
249,José Calderón,24,TOR,SG,64,11,23.2,2.1,4.9,.423,0.1,0.7,.163,2.0,4.2,.465,.434,1.2,1.4,.848,0.5,1.7,2.2,4.5,0.7,0.1,1.6,1.5,5.5,,caldejo01
250,Nick Van Exel,34,SAS,PG,65,2,15.2,2.1,5.3,.397,0.8,2.4,.357,1.2,2.9,.429,.477,0.4,0.6,.683,0.1,1.3,1.4,1.9,0.2,0.0,0.9,0.9,5.5,,vanexni01
251,Eduardo Nájera,29,DEN,PF,64,3,22.6,2.0,4.7,.422,0.1,0.2,.333,1.9,4.5,.426,.429,1.4,1.8,.781,2.0,3.1,5.1,0.8,0.8,0.5,0.8,2.6,5.4,,najered01
252,Jackie Butler,20,NYK,C,55,0,13.5,2.1,3.9,.544,0.0,0.0,,2.1,3.9,.544,.544,1.1,1.4,.753,1.2,2.1,3.3,0.5,0.3,0.6,1.1,2.3,5.3,,butleja01
253,Tyson Chandler,23,CHI,C,79,50,26.8,2.0,3.6,.565,0.0,0.0,.000,2.0,3.6,.567,.565,1.2,2.4,.503,3.4,5.7,9.0,1.0,0.5,1.3,1.6,3.8,5.3,,chandty01
254,Jarron Collins,27,UTA,C,79,41,21.9,1.6,3.5,.461,0.0,0.0,,1.6,3.5,.461,.461,2.0,2.8,.717,1.7,2.5,4.2,1.2,0.5,0.3,0.8,3.2,5.3,,collija03
255,Jeff McInnis,31,NJN,SG,28,1,17.4,2.3,5.1,.441,0.1,0.6,.188,2.1,4.5,.472,.451,0.7,1.0,.690,0.4,1.4,1.8,1.9,0.4,0.1,1.0,1.3,5.3,,mcinnje01
256,Jake Voskuhl,28,CHA,C,51,2,16.0,2.2,5.1,.437,0.0,0.1,.333,2.2,5.1,.438,.439,0.8,1.2,.683,1.2,2.4,3.6,0.8,0.5,0.5,0.6,3.1,5.3,,voskuja01
257,Dan Gadzuric,27,MIL,C,74,0,12.0,2.3,4.2,.553,0.0,0.0,.000,2.3,4.2,.555,.553,0.6,1.2,.461,1.2,1.9,3.1,0.3,0.3,0.6,0.5,2.3,5.2,,gadzuda01
258,Gerald Green,20,BOS,SG,32,3,11.7,2.1,4.3,.478,0.2,0.6,.300,1.9,3.7,.508,.500,0.9,1.2,.784,0.3,1.0,1.3,0.6,0.4,0.1,0.7,1.3,5.2,,greenge01
259,Kendrick Perkins,21,BOS,C,68,40,19.6,2.0,3.9,.515,0.0,0.0,.000,2.0,3.9,.519,.515,1.2,1.9,.615,2.1,3.9,5.9,1.0,0.3,1.5,1.6,2.9,5.2,,perkike01
260,Johan Petro,20,SEA,C,68,41,18.9,2.3,4.4,.510,0.0,0.0,,2.3,4.4,.510,.510,0.7,1.1,.627,1.6,2.8,4.4,0.2,0.4,0.8,0.9,3.1,5.2,,petrojo01
261,Robert Horry,35,SAS,PF,63,3,18.8,1.8,4.6,.384,0.8,2.3,.368,0.9,2.3,.399,.474,0.7,1.1,.647,1.1,2.7,3.8,1.3,0.7,0.8,0.7,1.8,5.1,,horryro01
262,David Lee,22,NYK,SF,67,14,16.9,2.0,3.4,.596,0.0,0.0,,2.0,3.4,.596,.596,1.1,1.8,.577,1.6,2.9,4.5,0.6,0.4,0.3,0.8,1.9,5.1,,leeda02
263,Beno Udrih,23,SAS,PG,54,3,10.9,2.0,4.3,.455,0.4,1.3,.343,1.5,3.0,.503,.506,0.7,0.9,.780,0.3,0.6,1.0,1.7,0.3,0.0,1.0,1.0,5.1,,udrihbe01
264,Michael Olowokandi,30,2TM,C,48,24,19.1,2.2,5.0,.446,0.0,0.0,,2.2,5.0,.446,.446,0.5,1.0,.511,1.0,3.5,4.6,0.5,0.5,0.7,1.1,2.5,5.0,,olowomi01
264,Michael Olowokandi,30,MIN,C,32,24,23.5,2.7,6.1,.446,0.0,0.0,,2.7,6.1,.446,.446,0.6,1.2,.487,1.4,4.2,5.6,0.5,0.6,0.8,1.3,3.1,6.0,,olowomi01
264,Michael Olowokandi,30,BOS,C,16,0,10.4,1.3,2.8,.444,0.0,0.0,,1.3,2.8,.444,.444,0.3,0.5,.625,0.3,2.3,2.6,0.4,0.2,0.4,0.9,1.4,2.8,,olowomi01
265,Chris Andersen,27,NOK,C,32,2,17.8,1.8,3.1,.571,0.0,0.0,,1.8,3.1,.571,.571,1.5,3.2,.476,1.9,2.9,4.8,0.2,0.3,1.3,0.8,2.6,5.0,,anderch01
266,Jonathan Bender,25,IND,SF,2,0,10.5,2.0,2.5,.800,0.0,0.0,,2.0,2.5,.800,.800,1.0,1.0,1.000,0.0,2.0,2.0,1.0,0.0,0.5,0.0,1.0,5.0,,bendejo01
267,Maurice Evans,27,DET,SG,80,1,14.2,1.9,4.3,.452,0.5,1.5,.371,1.4,2.8,.493,.515,0.7,0.8,.800,1.0,1.1,2.0,0.8,0.5,0.2,0.5,1.5,5.0,,evansma01
268,Jake Tsakalidis,26,MEM,C,51,19,14.4,2.0,3.2,.606,0.0,0.0,,2.0,3.2,.606,.606,1.1,1.7,.655,1.5,2.6,4.2,0.3,0.3,0.6,0.8,2.1,5.0,,tsakaja01
269,Luke Walton,25,LAL,SF,69,6,19.3,2.0,4.8,.412,0.3,0.8,.327,1.7,4.0,.429,.439,0.8,1.1,.750,1.3,2.3,3.6,2.3,0.6,0.2,1.1,1.7,5.0,,waltolu01
270,Antonio Davis,37,2TM,PF,44,39,21.4,1.9,4.3,.432,0.0,0.0,.000,1.9,4.3,.434,.432,1.2,1.8,.642,2.0,2.7,4.7,0.5,0.5,0.2,1.2,2.8,4.9,,davisan01
270,Antonio Davis,37,NYK,PF,36,31,20.8,1.9,4.4,.428,0.0,0.0,.000,1.9,4.4,.430,.428,1.3,1.7,.738,2.1,2.7,4.8,0.4,0.6,0.3,1.2,2.8,5.0,,davisan01
270,Antonio Davis,37,TOR,C,8,8,23.9,1.8,3.9,.452,0.0,0.0,,1.8,3.9,.452,.452,0.9,2.5,.350,1.9,2.6,4.5,0.9,0.4,0.1,1.0,3.3,4.4,,davisan01
271,Malik Allen,27,CHI,PF,54,20,13.0,2.2,4.6,.490,0.0,0.0,1.000,2.2,4.6,.488,.492,0.4,0.7,.605,0.8,1.8,2.6,0.4,0.3,0.3,0.6,1.7,4.9,,allenma01
272,Francisco Elson,29,DEN,C,72,54,21.9,2.1,3.9,.532,0.0,0.1,.200,2.1,3.9,.538,.533,0.7,1.0,.662,1.4,3.3,4.7,0.7,0.8,0.6,0.9,2.9,4.9,,elsonfr01
273,Pat Garrity,29,ORL,PF,57,0,16.5,1.8,4.2,.417,0.9,2.3,.388,0.9,2.0,.451,.521,0.5,0.6,.811,0.5,1.4,1.9,0.7,0.2,0.2,0.7,1.9,4.9,,garripa01
274,Toni Kukoč,37,MIL,PF,65,0,15.7,1.8,4.6,.389,0.7,2.3,.306,1.1,2.3,.470,.465,0.6,0.9,.714,0.4,1.9,2.3,2.1,0.5,0.3,1.0,1.3,4.9,,kukocto01
275,Theo Ratliff,32,POR,C,55,19,23.7,2.0,3.4,.571,0.0,0.0,,2.0,3.4,.571,.571,1.0,1.5,.651,1.6,3.5,5.1,0.5,0.3,1.6,0.9,2.6,4.9,,ratlith01
276,Darko Miličić,20,2TM,C,55,1,13.9,2.2,4.3,.509,0.0,0.0,.000,2.2,4.2,.513,.509,0.5,0.9,.560,0.8,1.9,2.7,0.7,0.3,1.4,0.9,1.7,4.8,,milicda01
276,Darko Miličić,20,DET,C,25,0,5.6,0.7,1.3,.515,0.0,0.1,.000,0.7,1.2,.548,.515,0.1,0.3,.375,0.4,0.7,1.1,0.4,0.1,0.6,0.6,1.0,1.5,,milicda01
276,Darko Miličić,20,ORL,C,30,1,20.9,3.4,6.7,.507,0.0,0.0,,3.4,6.7,.507,.507,0.8,1.4,.595,1.1,3.0,4.1,1.1,0.4,2.1,1.2,2.2,7.6,,milicda01
277,Othella Harrington,32,CHI,C,72,23,11.4,1.9,3.8,.495,0.0,0.0,,1.9,3.8,.495,.495,1.1,1.7,.626,0.8,1.4,2.1,0.5,0.1,0.2,0.8,1.8,4.8,,harriot01
278,Jannero Pargo,26,CHI,PG,57,0,11.3,1.9,5.1,.373,0.7,1.8,.379,1.2,3.3,.370,.440,0.3,0.4,.810,0.1,0.9,1.1,1.6,0.4,0.0,1.1,1.0,4.8,,pargoja01
279,Eric Snow,32,CLE,PG,82,82,28.7,2.0,4.9,.409,0.0,0.1,.100,2.0,4.7,.416,.410,0.8,1.1,.688,0.5,2.0,2.4,4.2,0.9,0.2,1.4,2.7,4.8,,snower01
280,Gerald Fitch,23,MIA,PG,18,1,13.3,1.7,4.9,.337,0.4,1.4,.269,1.3,3.5,.365,.376,0.9,1.3,.739,0.4,1.3,1.7,1.8,0.4,0.3,0.8,1.6,4.7,,fitchge01
281,Željko Rebrača,33,LAC,C,29,2,14.2,1.8,3.3,.542,0.0,0.0,,1.8,3.3,.542,.542,1.1,1.4,.756,0.4,1.8,2.2,0.3,0.2,0.7,0.8,2.0,4.7,,rebraze01
282,Quinton Ross,24,LAC,SF,67,45,22.6,1.9,4.6,.422,0.0,0.1,.000,1.9,4.5,.432,.422,0.9,1.1,.760,0.6,2.0,2.5,1.2,0.8,0.2,0.7,2.3,4.7,,rossqu01
283,Etan Thomas,27,WAS,C,71,9,15.8,1.8,3.5,.533,0.0,0.0,,1.8,3.5,.533,.533,1.1,1.8,.600,1.4,2.5,3.9,0.2,0.3,1.0,0.7,2.1,4.7,,thomaet01
284,Aaron Williams,34,2TM,C,48,5,16.5,1.9,3.7,.517,0.0,0.0,,1.9,3.7,.517,.517,0.8,1.2,.690,1.3,2.4,3.8,0.4,0.4,0.4,0.6,2.9,4.6,,williaa01
284,Aaron Williams,34,TOR,C,14,3,7.1,0.7,1.4,.526,0.0,0.0,,0.7,1.4,.526,.526,0.4,0.4,.833,0.4,0.7,1.1,0.1,0.3,0.2,0.4,2.0,1.8,,williaa01
284,Aaron Williams,34,NOK,C,34,2,20.4,2.4,4.6,.516,0.0,0.0,,2.4,4.6,.516,.516,1.0,1.5,.673,1.7,3.1,4.9,0.5,0.4,0.5,0.7,3.2,5.8,,williaa01
285,Trevor Ariza,20,2TM,SF,57,10,17.5,1.6,4.0,.412,0.0,0.1,.200,1.6,3.9,.416,.414,1.4,2.2,.606,1.4,2.5,3.8,1.1,1.0,0.2,1.1,1.8,4.6,,arizatr01
285,Trevor Ariza,20,NYK,SF,36,10,19.7,1.7,4.1,.418,0.0,0.1,.333,1.7,4.0,.420,.421,1.2,2.1,.545,1.4,2.4,3.8,1.3,1.2,0.3,1.3,2.2,4.6,,arizatr01
285,Trevor Ariza,20,ORL,SF,21,0,13.8,1.5,3.8,.400,0.0,0.1,.000,1.5,3.7,.410,.400,1.7,2.4,.700,1.4,2.5,3.9,0.7,0.7,0.1,0.8,1.0,4.7,,arizatr01
286,Andre Barrett,23,2TM,PG,19,0,14.8,2.0,5.5,.365,0.1,0.7,.143,1.9,4.7,.400,.375,0.5,0.6,.750,0.5,0.8,1.3,2.7,0.5,0.0,0.8,0.7,4.6,,barrean01
286,Andre Barrett,23,PHO,PG,2,0,10.5,1.5,3.5,.429,0.0,0.5,.000,1.5,3.0,.500,.429,1.5,1.5,1.000,0.5,1.0,1.5,1.0,0.0,0.0,0.5,0.5,4.5,,barrean01
286,Andre Barrett,23,TOR,PG,17,0,15.4,2.1,5.7,.361,0.1,0.8,.154,1.9,4.9,.393,.371,0.4,0.5,.667,0.5,0.8,1.3,2.9,0.6,0.0,0.8,0.7,4.6,,barrean01
287,Adrian Griffin,31,DAL,SG,52,45,23.9,1.9,3.9,.480,0.0,0.0,.000,1.9,3.9,.485,.480,0.8,1.0,.774,1.4,2.9,4.4,1.7,1.0,0.2,0.8,2.2,4.6,,griffad01
288,Eddie Griffin,23,MIN,C,70,27,19.4,1.9,5.3,.351,0.2,1.2,.195,1.6,4.1,.396,.373,0.6,1.1,.595,1.5,4.0,5.6,0.6,0.2,2.1,0.6,1.8,4.6,,griffed01
289,Anderson Varejão,23,CLE,C,48,4,15.8,1.6,3.1,.527,0.0,0.0,.000,1.6,3.1,.530,.527,1.3,2.5,.513,1.6,3.3,4.9,0.4,0.6,0.4,0.6,2.5,4.6,,varejan01
290,Justin Reed,24,2TM,SF,72,6,13.8,1.7,4.1,.403,0.0,0.0,.000,1.7,4.1,.405,.403,1.2,1.7,.725,0.7,1.0,1.7,0.6,0.3,0.2,0.7,2.3,4.5,,reedju01
290,Justin Reed,24,BOS,SF,32,0,9.1,0.8,2.3,.338,0.0,0.0,,0.8,2.3,.338,.338,0.8,1.3,.625,0.4,0.5,0.9,0.2,0.2,0.1,0.5,1.4,2.3,,reedju01
290,Justin Reed,24,MIN,SF,40,6,17.7,2.4,5.5,.425,0.0,0.0,.000,2.4,5.5,.427,.425,1.6,2.0,.775,1.0,1.4,2.4,0.9,0.5,0.3,0.9,3.0,6.3,,reedju01
291,Adonal Foyle,30,GSW,C,77,72,23.7,2.0,3.9,.507,0.0,0.0,,2.0,3.9,.507,.507,0.5,0.9,.612,1.9,3.6,5.5,0.4,0.6,1.6,1.0,2.8,4.5,,foylead01
292,Rasho Nesterović,29,SAS,C,80,51,18.9,2.2,4.2,.515,0.0,0.0,.000,2.2,4.2,.518,.515,0.2,0.4,.600,1.4,2.4,3.9,0.4,0.3,1.1,0.7,2.6,4.5,,nestera01
293,Sasha Pavlović,22,CLE,SG,53,19,15.3,1.6,4.0,.410,0.7,1.8,.365,1.0,2.2,.448,.493,0.6,0.9,.653,0.3,1.2,1.5,0.5,0.4,0.1,0.8,1.9,4.5,,pavloal01
294,Boštjan Nachbar,25,2TM,SF,36,13,13.9,1.5,4.3,.346,0.5,2.0,.268,1.0,2.4,.412,.407,0.8,1.2,.682,0.2,1.4,1.7,0.8,0.4,0.1,0.7,1.8,4.4,,nachbbo01
294,Boštjan Nachbar,25,NOK,PF,25,13,16.2,1.7,5.0,.339,0.7,2.3,.298,1.0,2.7,.373,.407,1.0,1.4,.694,0.2,1.8,2.0,0.9,0.5,0.2,0.8,2.1,5.0,,nachbbo01
294,Boštjan Nachbar,25,NJN,SF,11,0,8.8,1.1,2.9,.375,0.2,1.3,.143,0.9,1.6,.556,.406,0.5,0.7,.625,0.4,0.6,1.0,0.5,0.3,0.0,0.4,1.2,2.8,,nachbbo01
295,Malik Rose,31,NYK,PF,72,35,15.5,1.5,3.9,.374,0.0,0.0,1.000,1.4,3.9,.371,.375,1.5,1.9,.781,1.2,2.4,3.6,0.9,0.6,0.2,1.1,2.0,4.4,,rosema01
296,Linton Johnson,25,2TM,SF,36,7,14.6,1.7,4.1,.409,0.4,1.0,.361,1.3,3.1,.425,.453,0.5,0.8,.667,1.1,2.3,3.4,0.4,0.3,0.3,0.8,1.7,4.3,,johnsli01
296,Linton Johnson,25,NJN,SF,9,0,3.9,0.6,1.1,.500,0.0,0.0,,0.6,1.1,.500,.500,0.1,0.4,.250,0.0,0.8,0.8,0.2,0.2,0.0,0.4,0.8,1.2,,johnsli01
296,Linton Johnson,25,NOK,SF,27,7,18.1,2.1,5.1,.403,0.5,1.3,.361,1.6,3.8,.417,.450,0.6,0.9,.739,1.5,2.8,4.3,0.4,0.4,0.4,0.9,2.0,5.3,,johnsli01
297,Jon Barry,36,HOU,SG,20,0,17.1,1.3,3.3,.385,0.6,1.6,.375,0.7,1.7,.394,.477,1.2,1.5,.828,0.1,1.5,1.6,1.3,0.7,0.1,1.1,1.3,4.3,,barryjo01
298,Anthony Grundy,26,ATL,SG,12,0,9.0,1.6,3.2,.500,0.4,1.3,.333,1.2,1.9,.609,.566,0.8,1.2,.643,0.1,1.3,1.4,0.8,0.6,0.0,0.8,1.2,4.3,,grundan01
299,Jiří Welsch,26,MIL,SF,58,2,14.9,1.5,3.8,.387,0.2,0.8,.286,1.2,3.0,.416,.419,1.1,1.5,.747,0.4,1.5,1.9,1.1,0.6,0.0,0.7,1.1,4.3,,welscji01
300,Lee Nailon,30,PHI,PF,22,0,10.8,1.8,3.6,.500,0.0,0.0,,1.8,3.6,.500,.500,0.6,0.7,.867,1.0,0.9,1.9,0.3,0.4,0.2,0.5,1.5,4.2,,nailole01
301,Laron Profit,28,LAL,SG,25,1,11.2,1.6,3.4,.476,0.1,0.7,.167,1.5,2.6,.561,.494,0.8,1.0,.875,0.3,1.4,1.7,0.6,0.4,0.2,1.0,1.0,4.2,,profila01
302,Jason Kapono,24,MIA,SF,51,2,13.0,1.5,3.5,.446,0.4,1.0,.396,1.1,2.4,.468,.506,0.5,0.6,.848,0.2,1.2,1.4,0.7,0.1,0.1,0.4,1.7,4.1,,kaponja01
303,Hakim Warrick,23,MEM,PF,68,2,10.6,1.5,3.4,.443,0.0,0.0,,1.5,3.4,.443,.443,1.1,1.7,.661,0.6,1.5,2.1,0.4,0.2,0.3,0.8,1.7,4.1,,warriha01
304,Dahntay Jones,25,MEM,SF,71,4,13.6,1.5,3.7,.414,0.0,0.3,.143,1.5,3.4,.438,.420,0.8,1.3,.645,0.3,1.2,1.5,0.5,0.5,0.2,0.7,1.5,4.0,,jonesda02
305,Sasha Vujačić,21,LAL,PG,82,4,17.7,1.3,3.8,.346,0.7,2.1,.343,0.6,1.7,.350,.441,0.6,0.6,.885,0.4,1.5,1.9,1.7,0.6,0.0,0.6,1.8,3.9,,vujacsa01
306,Andris Biedriņš,19,GSW,C,68,2,14.7,1.7,2.7,.638,0.0,0.0,,1.7,2.7,.638,.638,0.3,1.1,.306,1.8,2.3,4.2,0.4,0.3,0.7,0.5,2.8,3.8,,biedran01
307,Travis Diener,23,ORL,PG,23,0,10.7,1.3,3.0,.420,1.1,2.5,.439,0.2,0.5,.333,.601,0.2,0.3,.833,0.2,0.7,0.9,0.7,0.3,0.0,0.4,1.0,3.8,,dienetr01
308,Daniel Ewing,22,LAC,SG,66,5,14.7,1.5,3.9,.380,0.3,1.2,.282,1.1,2.7,.424,.424,0.5,0.7,.783,0.3,0.9,1.3,1.3,0.6,0.1,0.9,1.3,3.8,,ewingda01
309,Danny Fortson,29,SEA,C,23,1,12.0,1.2,2.2,.529,0.0,0.0,,1.2,2.2,.529,.529,1.4,1.9,.767,1.3,2.0,3.4,0.1,0.2,0.1,1.1,3.3,3.8,,fortsda01
310,Scot Pollard,30,IND,C,45,32,17.1,1.6,3.4,.455,0.0,0.0,,1.6,3.4,.455,.455,0.6,0.8,.763,1.6,3.2,4.8,0.5,0.8,0.4,0.6,2.6,3.8,,pollasc01
311,Doug Christie,35,DAL,SG,7,7,26.4,1.3,3.7,.346,0.0,0.1,.000,1.3,3.6,.360,.346,1.1,1.7,.667,0.3,1.6,1.9,2.0,1.3,0.1,0.9,1.4,3.7,,chrisdo01
312,Chuck Hayes,22,HOU,PF,40,0,13.4,1.5,2.6,.562,0.0,0.0,.000,1.5,2.6,.567,.562,0.7,1.1,.644,1.7,2.8,4.5,0.4,0.7,0.4,0.3,1.9,3.7,,hayesch01
313,Kelvin Cato,31,2TM,C,27,0,12.3,1.3,3.1,.429,0.0,0.0,,1.3,3.1,.429,.429,1.0,1.3,.743,0.7,1.9,2.6,0.1,0.2,0.4,0.7,1.9,3.6,,catoke01
313,Kelvin Cato,31,ORL,C,23,0,13.0,1.3,3.1,.431,0.0,0.0,,1.3,3.1,.431,.431,1.1,1.5,.743,0.8,1.9,2.7,0.1,0.3,0.4,0.7,2.1,3.8,,catoke01
313,Kelvin Cato,31,DET,C,4,0,8.5,1.3,3.0,.417,0.0,0.0,,1.3,3.0,.417,.417,0.0,0.0,,0.3,1.5,1.8,0.5,0.0,0.5,0.5,1.0,2.5,,catoke01
314,Charles Smith,30,2TM,SG,22,4,9.5,1.4,3.3,.417,0.7,1.7,.395,0.7,1.5,.441,.521,0.2,0.4,.625,0.1,0.6,0.7,0.4,0.2,0.3,0.2,1.3,3.6,,smithch04
314,Charles Smith,30,POR,SG,21,4,9.9,1.4,3.4,.423,0.7,1.8,.405,0.7,1.6,.441,.528,0.2,0.4,.625,0.1,0.6,0.8,0.4,0.2,0.3,0.2,1.3,3.8,,smithch04
314,Charles Smith,30,DEN,SG,1,0,2.0,0.0,1.0,.000,0.0,1.0,.000,0.0,0.0,,.000,0.0,0.0,,0.0,0.0,0.0,0.0,0.0,0.0,0.0,1.0,0.0,,smithch04
315,Will Bynum,23,GSW,PG,15,0,10.8,1.4,3.5,.404,0.1,0.6,.222,1.3,2.9,.442,.423,0.7,1.1,.625,0.2,0.6,0.8,1.3,0.5,0.0,0.9,0.7,3.6,,bynumwi01
316,Jason Collins,27,NJN,C,71,70,26.7,1.5,3.7,.397,0.0,0.2,.250,1.4,3.5,.404,.403,0.6,1.2,.512,1.3,3.5,4.8,1.0,0.6,0.6,0.9,3.5,3.6,,collija04
317,Carlos Delfino,23,DET,SG,68,1,10.7,1.3,3.3,.403,0.3,0.9,.333,1.0,2.4,.428,.447,0.7,1.0,.672,0.4,1.3,1.7,0.6,0.3,0.2,0.5,1.3,3.6,,delfica01
318,Royal Ivey,24,ATL,PG,73,66,13.4,1.6,3.6,.439,0.1,0.1,.400,1.5,3.5,.441,.447,0.3,0.5,.727,0.4,0.9,1.3,1.0,0.3,0.1,0.3,2.0,3.6,,iveyro01
319,Linas Kleiza,21,DEN,PF,61,2,8.5,1.3,2.8,.445,0.0,0.2,.154,1.2,2.6,.469,.451,0.9,1.3,.704,0.6,1.3,1.9,0.2,0.2,0.2,0.3,1.4,3.5,,kleizli01
320,Pape Sow,24,TOR,C,42,25,14.0,1.3,2.9,.431,0.0,0.0,,1.3,2.9,.431,.431,1.0,1.4,.719,1.3,2.2,3.5,0.2,0.5,0.5,0.7,2.8,3.5,,sowpa01
321,Vin Baker,34,LAC,C,8,1,10.6,0.9,1.9,.467,0.0,0.0,,0.9,1.9,.467,.467,1.6,2.3,.722,0.3,2.1,2.4,0.5,0.5,0.5,1.1,1.6,3.4,,bakervi01
322,Pat Burke,32,PHO,C,42,0,8.2,1.5,3.0,.496,0.0,0.2,.286,1.5,2.9,.508,.504,0.3,0.5,.619,0.5,1.2,1.7,0.4,0.1,0.3,0.8,1.5,3.4,,burkepa01
323,Brian Cardinal,28,MEM,PF,36,0,11.2,1.3,3.1,.414,0.4,0.8,.448,0.9,2.3,.402,.473,0.5,0.8,.704,0.3,1.2,1.5,0.9,0.6,0.0,0.8,1.8,3.4,,cardibr01
324,C.J. Miles,18,UTA,PG,23,0,8.8,1.2,3.3,.368,0.2,0.9,.250,1.0,2.4,.411,.401,0.8,1.0,.750,0.8,0.9,1.7,0.7,0.3,0.1,0.4,0.9,3.4,,milescj01
325,Lamond Murray,32,NJN,SF,57,1,10.1,1.3,3.2,.398,0.5,1.4,.346,0.8,1.8,.437,.472,0.4,0.7,.625,0.5,1.8,2.3,0.2,0.3,0.1,0.4,1.2,3.4,,murrala01
326,Scott Padgett,29,NJN,PF,62,1,11.6,1.1,3.2,.353,0.7,2.0,.347,0.5,1.3,.363,.458,0.4,0.5,.794,0.9,1.8,2.7,0.7,0.5,0.2,0.3,1.5,3.4,,padgesc01
327,Zoran Planinić,23,NJN,PG,56,1,10.6,1.2,3.3,.361,0.2,1.0,.232,0.9,2.3,.417,.396,0.8,1.2,.697,0.3,1.1,1.3,0.9,0.4,0.1,0.8,1.6,3.4,,planizo01
328,Wayne Simien,22,MIA,PF,43,2,9.6,1.3,2.8,.483,0.0,0.0,,1.3,2.8,.483,.483,0.7,0.8,.882,0.9,1.2,2.0,0.2,0.3,0.0,0.6,1.6,3.4,,simiewa01
329,James Singleton,24,LAC,SF,59,10,12.8,1.3,2.6,.510,0.2,0.3,.500,1.1,2.2,.511,.543,0.7,0.8,.780,1.1,2.3,3.3,0.5,0.3,0.4,0.5,1.6,3.4,,singlja01
330,Jacque Vaughn,30,NJN,SG,80,6,15.4,1.3,3.1,.437,0.0,0.1,.167,1.3,3.0,.444,.439,0.7,1.0,.728,0.2,0.9,1.1,1.5,0.5,0.0,0.7,1.8,3.4,,vaughja01
331,Corliss Williamson,32,SAC,SF,37,0,9.8,1.2,2.8,.417,0.1,0.1,1.000,1.1,2.7,.406,.427,1.0,1.3,.776,0.6,1.2,1.8,0.4,0.2,0.1,0.8,1.5,3.4,,willico02
332,Richie Frahm,28,2TM,SG,33,0,10.4,1.2,3.0,.390,0.7,2.1,.329,0.5,0.9,.533,.505,0.2,0.3,.700,0.1,0.9,1.0,0.6,0.1,0.1,0.2,0.9,3.3,,frahmri01
332,Richie Frahm,28,MIN,SG,25,0,9.0,1.0,2.6,.369,0.6,1.9,.313,0.4,0.7,.529,.485,0.1,0.2,.600,0.1,0.8,0.9,0.6,0.1,0.1,0.2,0.9,2.6,,frahmri01
332,Richie Frahm,28,HOU,SG,8,0,14.6,1.9,4.4,.429,1.0,2.8,.364,0.9,1.6,.538,.543,0.5,0.6,.800,0.0,1.3,1.3,0.8,0.1,0.0,0.5,1.0,5.3,,frahmri01
333,Žarko Čabarkapa,24,GSW,PF,61,0,8.3,1.1,2.9,.385,0.1,0.3,.250,1.0,2.5,.403,.399,1.0,1.4,.714,0.6,1.2,1.8,0.3,0.2,0.1,0.6,1.4,3.3,,cabarza01
334,Anthony Carter,30,MIN,PG,45,8,13.1,1.2,3.0,.387,0.1,0.3,.267,1.1,2.7,.402,.401,0.9,1.2,.727,0.2,1.2,1.4,2.2,0.5,0.2,0.9,1.6,3.3,,cartean01
335,Dan Dickau,27,BOS,PG,19,0,12.3,0.9,2.4,.370,0.5,1.1,.500,0.4,1.4,.269,.478,0.9,0.9,1.000,0.3,0.6,0.8,2.1,0.6,0.1,0.9,2.1,3.3,,dickada01
336,Jason Hart,27,SAC,PG,66,0,12.4,1.3,3.3,.389,0.1,0.5,.290,1.2,2.9,.405,.410,0.6,0.8,.661,0.2,0.9,1.1,1.1,0.5,0.1,0.7,1.3,3.3,,hartja01
337,Mikki Moore,30,SEA,C,47,1,12.4,1.1,2.6,.435,0.0,0.0,.000,1.1,2.6,.443,.435,1.0,1.3,.742,0.9,1.8,2.8,0.6,0.1,0.3,0.9,2.0,3.3,,mooremi01
338,Eric Williams,33,TOR,SF,28,11,12.6,1.0,2.7,.387,0.2,0.6,.278,0.9,2.0,.421,.420,1.0,1.4,.737,0.4,1.4,1.8,0.5,0.3,0.1,0.5,2.0,3.3,,willier01
339,Howard Eisley,33,2TM,PG,32,0,12.3,1.1,3.2,.330,0.4,1.3,.310,0.7,1.9,.344,.393,0.6,0.8,.833,0.1,0.9,1.0,2.2,0.3,0.1,0.7,1.1,3.2,,eisleho01
339,Howard Eisley,33,LAC,PG,13,0,8.6,0.3,1.3,.235,0.1,0.3,.250,0.2,1.0,.231,.265,0.0,0.0,,0.1,1.0,1.1,1.9,0.2,0.0,0.2,0.8,0.7,,eisleho01
339,Howard Eisley,33,DEN,PG,19,0,14.8,1.6,4.5,.349,0.6,2.0,.316,0.9,2.5,.375,.419,1.1,1.3,.833,0.1,0.9,1.0,2.3,0.4,0.1,0.9,1.2,4.8,,eisleho01
340,Michael Doleac,28,MIA,C,31,3,12.0,1.2,2.8,.420,0.0,0.0,,1.2,2.8,.420,.420,0.8,1.0,.800,0.7,2.0,2.7,0.3,0.3,0.2,0.5,1.5,3.2,,doleami01
341,Orien Greene,23,BOS,PG,80,5,15.4,1.3,3.2,.395,0.1,0.5,.225,1.1,2.7,.427,.413,0.6,0.9,.662,0.5,1.4,1.8,1.6,1.0,0.1,1.4,2.3,3.2,,greenor01
342,Sean Marks,30,SAS,PF,25,0,7.2,1.5,2.8,.521,0.0,0.1,.000,1.5,2.7,.544,.521,0.3,0.5,.583,0.5,1.2,1.7,0.3,0.2,0.3,0.3,0.8,3.2,,marksse01
343,Matt Barnes,25,2TM,SF,56,5,11.3,1.3,2.5,.500,0.1,0.3,.200,1.2,2.2,.536,.511,0.6,0.8,.681,0.9,1.3,2.2,0.5,0.4,0.1,0.5,1.8,3.1,,barnema02
343,Matt Barnes,25,NYK,SF,6,5,15.5,1.8,5.0,.367,0.2,0.7,.250,1.7,4.3,.385,.383,0.5,0.7,.750,1.2,2.8,4.0,1.0,0.7,0.0,1.0,1.3,4.3,,barnema02
343,Matt Barnes,25,PHI,PF,50,0,10.8,1.2,2.2,.536,0.0,0.2,.182,1.1,2.0,.576,.545,0.6,0.9,.674,0.8,1.1,1.9,0.4,0.3,0.1,0.5,1.8,3.0,,barnema02
344,Rawle Marshall,23,DAL,SF,23,9,10.5,1.0,2.6,.400,0.0,0.1,.333,1.0,2.5,.404,.408,1.0,1.3,.759,0.3,1.0,1.3,0.4,0.3,0.3,0.7,0.7,3.1,,marshra01
345,Jim Jackson,35,2TM,SF,40,1,12.8,1.2,4.0,.294,0.5,1.9,.243,0.7,2.2,.337,.350,0.2,0.3,.692,0.3,1.6,1.9,0.9,0.3,0.2,0.9,1.3,3.0,,jacksji01
345,Jim Jackson,35,PHO,SF,27,1,15.6,1.4,4.8,.295,0.5,2.3,.222,0.9,2.4,.364,.349,0.3,0.5,.692,0.4,2.0,2.4,1.1,0.4,0.2,1.1,1.7,3.7,,jacksji01
345,Jim Jackson,35,LAL,SF,13,0,7.1,0.7,2.4,.290,0.3,0.8,.364,0.4,1.5,.250,.355,0.0,0.0,,0.0,0.9,0.9,0.3,0.2,0.0,0.4,0.4,1.7,,jacksji01
346,Sergei Monia,22,2TM,SF,26,15,13.2,1.1,3.3,.333,0.3,1.3,.265,0.8,2.0,.377,.385,0.4,0.5,.714,0.4,1.6,2.0,0.7,0.3,0.2,0.5,1.6,3.0,,moniase01
346,Sergei Monia,22,POR,SF,23,15,14.6,1.3,3.7,.341,0.4,1.4,.273,0.9,2.3,.385,.394,0.3,0.5,.667,0.5,1.7,2.2,0.8,0.3,0.2,0.5,1.8,3.3,,moniase01
346,Sergei Monia,22,SAC,SF,3,0,2.3,0.0,0.7,.000,0.0,0.3,.000,0.0,0.3,.000,.000,0.7,0.7,1.000,0.0,0.3,0.3,0.0,0.3,0.0,0.0,0.0,0.7,,moniase01
347,Kris Humphries,20,UTA,PF,62,2,10.0,1.2,3.3,.379,0.0,0.1,.000,1.2,3.2,.389,.379,0.5,1.0,.523,0.9,1.6,2.5,0.5,0.4,0.3,0.5,1.3,3.0,,humphkr01
348,Jerome James,30,NYK,C,45,9,9.0,1.2,2.7,.463,0.0,0.0,,1.2,2.7,.463,.463,0.6,0.9,.625,0.9,1.2,2.0,0.3,0.1,0.5,1.1,2.3,3.0,,jamesje01
349,Andre Owens,25,UTA,PG,23,2,9.1,1.2,3.2,.365,0.1,0.7,.188,1.0,2.5,.414,.385,0.5,0.8,.667,0.5,0.4,0.9,0.3,0.2,0.0,0.6,1.1,3.0,,owensan01
350,Pavel Podkolzin,21,DAL,C,1,0,18.0,0.0,2.0,.000,0.0,0.0,,0.0,2.0,.000,.000,3.0,6.0,.500,0.0,7.0,7.0,0.0,0.0,1.0,2.0,0.0,3.0,,podkopa01
351,Josh Powell,23,DAL,PF,37,2,11.6,1.0,2.2,.457,0.0,0.0,,1.0,2.2,.457,.457,1.0,1.2,.800,0.8,1.4,2.2,0.2,0.2,0.1,0.6,1.4,3.0,,poweljo01
352,Brian Skinner,29,2TM,C,65,5,14.5,1.3,2.5,.513,0.0,0.0,,1.3,2.5,.513,.513,0.4,0.9,.482,1.2,2.3,3.5,0.5,0.4,0.7,0.7,1.8,2.9,,skinnbr01
352,Brian Skinner,29,SAC,PF,38,0,11.3,1.0,1.8,.551,0.0,0.0,,1.0,1.8,.551,.551,0.3,0.7,.444,0.8,1.9,2.7,0.4,0.3,0.5,0.5,1.4,2.3,,skinnbr01
352,Brian Skinner,29,POR,C,27,5,19.1,1.6,3.4,.484,0.0,0.0,,1.6,3.4,.484,.484,0.6,1.1,.517,1.7,3.0,4.7,0.5,0.5,0.9,1.0,2.4,3.8,,skinnbr01
353,Lonny Baxter,27,2TM,PF,41,0,9.8,1.1,2.5,.433,0.0,0.0,,1.1,2.5,.433,.433,0.7,0.9,.800,1.1,1.8,2.9,0.1,0.3,0.2,0.5,1.4,2.9,,baxtelo01
353,Lonny Baxter,27,HOU,C,23,0,12.2,1.4,3.1,.458,0.0,0.0,,1.4,3.1,.458,.458,0.7,0.8,.842,1.7,2.0,3.7,0.1,0.4,0.3,0.6,2.1,3.6,,baxtelo01
353,Lonny Baxter,27,CHA,PF,18,0,6.6,0.7,1.8,.375,0.0,0.0,,0.7,1.8,.375,.375,0.7,0.9,.750,0.4,1.4,1.8,0.1,0.1,0.1,0.4,0.4,2.0,,baxtelo01
354,Brian Grant,33,PHO,C,21,2,11.8,1.3,3.1,.415,0.0,0.0,,1.3,3.1,.415,.415,0.3,0.4,.875,0.5,2.2,2.7,0.3,0.2,0.1,0.3,2.1,2.9,,grantbr01
355,Lindsey Hunter,35,DET,PG,30,1,11.8,1.2,3.3,.370,0.4,1.4,.256,0.9,1.9,.456,.425,0.1,0.1,.500,0.3,1.0,1.3,2.1,0.6,0.0,0.7,1.5,2.9,,hunteli01
356,Mario Kasun,25,ORL,C,28,0,7.6,1.1,2.5,.449,0.0,0.0,,1.1,2.5,.449,.449,0.6,0.8,.783,0.9,1.3,2.1,0.1,0.1,0.1,0.5,2.5,2.9,,kasunma01
357,Brian Scalabrine,27,BOS,PF,71,1,13.2,1.0,2.7,.383,0.4,1.2,.356,0.6,1.5,.406,.464,0.4,0.5,.722,0.4,1.2,1.6,0.7,0.3,0.3,0.7,1.8,2.9,,scalabr01
358,Dorell Wright,20,MIA,SF,20,2,6.6,1.0,2.2,.465,0.2,0.3,.500,0.9,1.9,.459,.500,0.8,0.9,.882,0.1,1.5,1.6,0.4,0.2,0.1,0.7,0.6,2.9,,wrighdo01
359,Moochie Norris,32,2TM,PG,45,0,9.4,1.0,2.5,.411,0.1,0.3,.286,0.9,2.2,.429,.429,0.6,0.9,.690,0.3,0.9,1.2,1.1,0.4,0.0,0.7,1.1,2.8,,norrimo01
359,Moochie Norris,32,HOU,PG,29,0,8.3,0.9,2.2,.400,0.0,0.2,.000,0.9,2.1,.433,.400,0.4,0.6,.765,0.3,0.9,1.2,1.0,0.5,0.0,0.6,1.1,2.2,,norrimo01
359,Moochie Norris,32,NOK,PG,16,0,11.4,1.3,2.9,.426,0.3,0.6,.444,1.0,2.4,.421,.468,1.0,1.6,.640,0.2,1.1,1.3,1.3,0.4,0.0,1.1,1.1,3.8,,norrimo01
360,Chris Taft,20,GSW,C,17,0,8.5,1.4,2.2,.605,0.0,0.0,,1.4,2.2,.605,.605,0.1,0.4,.167,1.1,1.0,2.1,0.1,0.1,0.4,0.1,1.5,2.8,,taftch01
361,Dijon Thompson,22,PHO,SG,10,0,4.3,1.1,2.5,.440,0.4,1.1,.364,0.7,1.4,.500,.520,0.2,0.2,1.000,0.4,0.7,1.1,0.1,0.3,0.1,0.2,0.6,2.8,,thompdi01
362,Ime Udoka,28,NYK,SF,8,0,14.3,1.1,3.0,.375,0.1,0.4,.333,1.0,2.6,.381,.396,0.4,0.8,.500,0.4,1.8,2.1,0.8,0.1,0.0,0.3,1.0,2.8,,udokaim01
363,Mateen Cleaves,28,SEA,PG,27,0,8.5,0.9,2.6,.352,0.1,0.6,.250,0.8,2.0,.382,.380,0.7,0.9,.792,0.1,0.4,0.5,1.6,0.1,0.1,0.5,1.1,2.7,,cleavma01
364,Luke Jackson,24,CLE,SF,36,0,8.8,0.8,2.4,.341,0.3,1.0,.333,0.5,1.4,.347,.412,0.7,0.9,.788,0.4,0.7,1.1,0.7,0.3,0.1,0.9,0.8,2.7,,jackslu02
365,Kevin Ollie,33,PHI,SG,70,23,15.3,1.1,2.5,.431,0.0,0.0,.333,1.1,2.4,.433,.434,0.6,0.7,.837,0.2,1.2,1.4,1.4,0.5,0.0,0.4,1.5,2.7,,ollieke01
366,Donell Taylor,23,WAS,SG,51,1,9.1,1.0,2.7,.390,0.1,0.3,.235,1.0,2.3,.412,.404,0.6,0.8,.698,0.3,0.7,1.0,0.9,0.6,0.1,0.7,0.9,2.7,,taylodo01
367,Stephen Graham,23,3TM,SG,22,0,8.0,1.0,2.5,.389,0.1,0.5,.200,0.9,2.0,.432,.407,0.6,0.7,.933,0.2,1.0,1.2,0.3,0.2,0.1,0.6,1.4,2.6,,grahast01
367,Stephen Graham,23,HOU,SG,6,0,6.3,1.0,2.7,.375,0.2,0.8,.200,0.8,1.8,.455,.406,0.7,0.7,1.000,0.2,1.0,1.2,0.5,0.3,0.0,0.8,0.8,2.8,,grahast01
367,Stephen Graham,23,CHI,SG,3,0,6.7,0.3,1.7,.200,0.3,1.3,.250,0.0,0.3,.000,.300,0.7,0.7,1.000,0.0,1.0,1.0,0.3,0.0,0.0,0.3,1.0,1.7,,grahast01
367,Stephen Graham,23,CLE,SG,13,0,9.0,1.1,2.5,.424,0.0,0.1,.000,1.1,2.5,.438,.424,0.6,0.7,.889,0.3,1.0,1.3,0.2,0.2,0.2,0.5,1.8,2.8,,grahast01
368,Shandon Anderson,32,MIA,SF,48,1,13.3,1.1,2.6,.429,0.1,0.4,.263,1.0,2.2,.458,.448,0.3,0.4,.722,0.4,1.3,1.7,0.6,0.4,0.1,0.5,1.6,2.6,,andersh01
369,Darrick Martin,34,TOR,PG,40,0,8.5,0.9,2.4,.351,0.4,1.0,.400,0.5,1.4,.316,.433,0.5,0.6,.750,0.1,0.5,0.5,1.4,0.4,0.0,0.4,1.1,2.6,,martida01
370,Dikembe Mutombo,39,HOU,C,64,23,14.9,0.8,1.5,.526,0.0,0.0,,0.8,1.5,.526,.526,1.1,1.4,.758,1.6,3.2,4.8,0.1,0.3,0.9,0.5,2.0,2.6,,mutomdi01
371,Melvin Sanders,25,SAS,SG,16,0,7.1,1.0,2.1,.485,0.1,0.2,.667,0.9,1.9,.467,.515,0.4,0.6,.700,0.3,1.2,1.4,0.2,0.3,0.0,0.5,1.3,2.6,,sandeme01
372,Vitaly Potapenko,30,2TM,C,33,12,10.7,1.1,2.2,.521,0.0,0.0,,1.1,2.2,.521,.521,0.3,0.5,.588,0.8,1.1,1.9,0.3,0.1,0.1,0.5,1.5,2.5,,potapvi01
372,Vitaly Potapenko,30,SEA,C,24,12,13.4,1.3,2.7,.500,0.0,0.0,,1.3,2.7,.500,.500,0.4,0.7,.588,1.1,1.5,2.6,0.3,0.1,0.1,0.6,1.8,3.1,,potapvi01
372,Vitaly Potapenko,30,SAC,C,9,0,3.6,0.6,0.8,.714,0.0,0.0,,0.6,0.8,.714,.714,0.0,0.0,,0.1,0.1,0.2,0.2,0.0,0.0,0.2,0.7,1.1,,potapvi01
373,Anfernee Hardaway,34,NYK,SF,4,0,18.0,1.0,3.5,.286,0.0,0.3,.000,1.0,3.3,.308,.286,0.5,0.5,1.000,0.0,2.5,2.5,2.0,0.5,0.0,1.5,1.8,2.5,,hardaan01
374,Alan Henderson,33,CLE,C,51,3,10.4,0.9,1.8,.516,0.0,0.0,,0.9,1.8,.516,.516,0.6,1.0,.673,1.2,1.5,2.7,0.2,0.2,0.2,0.4,1.1,2.5,,hendeal01
375,Walter McCarty,31,LAC,SF,36,1,9.8,0.9,2.8,.333,0.3,1.3,.222,0.6,1.5,.426,.384,0.3,0.6,.571,0.4,1.5,1.9,0.6,0.2,0.1,0.5,1.4,2.4,,mccarwa01
376,Greg Ostertag,32,UTA,C,60,22,13.5,1.0,2.1,.492,0.0,0.0,,1.0,2.1,.492,.492,0.4,0.8,.500,1.4,2.4,3.8,1.0,0.1,1.1,0.8,2.2,2.4,,ostergr01
377,Rafael Araújo,25,TOR,C,52,34,11.6,1.0,2.8,.366,0.0,0.0,.000,1.0,2.8,.368,.366,0.3,0.5,.536,0.8,1.9,2.8,0.3,0.5,0.1,0.8,2.0,2.3,,araujra01
378,Brandon Bass,20,NOK,PF,29,1,9.2,1.0,2.4,.400,0.0,0.0,,1.0,2.4,.400,.400,0.4,0.7,.632,0.6,1.7,2.3,0.1,0.1,0.2,0.4,0.6,2.3,,bassbr01
379,DeSagana Diop,24,DAL,C,81,45,18.6,0.9,1.9,.487,0.0,0.0,.500,0.9,1.9,.487,.490,0.5,0.9,.542,1.8,2.8,4.6,0.3,0.5,1.8,0.4,3.1,2.3,,diopde01
380,John Lucas III,23,HOU,PG,13,0,8.2,1.1,2.8,.389,0.2,0.7,.222,0.9,2.1,.444,.417,0.0,0.0,,0.2,0.2,0.4,0.9,0.4,0.0,0.5,0.5,2.3,,lucasjo02
381,Arvydas Macijauskas,26,NOK,SG,19,0,7.1,0.7,2.2,.341,0.2,0.6,.250,0.6,1.5,.379,.378,0.7,0.8,.867,0.2,0.4,0.5,0.3,0.4,0.0,0.4,0.5,2.3,,macijar01
382,Jason Maxiell,22,DET,PF,26,0,6.1,0.9,2.1,.426,0.0,0.0,,0.9,2.1,.426,.426,0.5,1.6,.333,0.5,0.6,1.1,0.1,0.2,0.2,0.4,0.5,2.3,,maxieja01
383,Bo Outlaw,34,ORL,PF,32,0,11.1,1.1,1.8,.603,0.0,0.0,,1.1,1.8,.603,.603,0.2,0.3,.625,1.0,1.4,2.4,0.4,0.3,0.4,0.5,1.6,2.3,,outlabo01
384,Shavlik Randolph,22,PHI,PF,57,1,8.5,0.8,1.7,.454,0.0,0.0,,0.8,1.7,.454,.454,0.8,1.2,.606,1.0,1.4,2.3,0.3,0.3,0.2,0.4,1.5,2.3,,randosh01
385,Loren Woods,27,TOR,C,27,4,12.0,1.0,2.2,.475,0.0,0.0,.000,1.0,2.1,.483,.475,0.2,0.5,.429,1.6,2.4,4.1,0.1,0.3,0.9,0.6,1.8,2.3,,woodslo01
386,Zendon Hamilton,30,2TM,C,12,0,4.1,0.6,1.2,.500,0.0,0.0,,0.6,1.2,.500,.500,1.0,1.5,.667,0.3,0.7,0.9,0.0,0.3,0.0,0.5,0.4,2.2,,hamilze01
386,Zendon Hamilton,30,CLE,C,11,0,4.2,0.6,1.2,.538,0.0,0.0,,0.6,1.2,.538,.538,1.0,1.5,.688,0.3,0.7,1.0,0.0,0.3,0.0,0.5,0.4,2.3,,hamilze01
386,Zendon Hamilton,30,PHI,C,1,0,3.0,0.0,1.0,.000,0.0,0.0,,0.0,1.0,.000,.000,1.0,2.0,.500,0.0,0.0,0.0,0.0,1.0,0.0,0.0,1.0,1.0,,hamilze01
387,Andray Blatche,19,WAS,PF,29,0,6.0,0.9,2.3,.388,0.1,0.4,.231,0.8,1.9,.426,.410,0.3,0.4,.833,0.4,0.9,1.3,0.3,0.2,0.2,0.4,1.2,2.2,,blatcan01
388,Calbert Cheaney,34,GSW,SF,42,0,10.7,1.0,2.6,.389,0.0,0.2,.000,1.0,2.4,.420,.389,0.2,0.2,1.000,0.5,1.0,1.5,0.5,0.3,0.0,0.4,0.9,2.2,,cheanca01
389,Ronald Dupree,25,MIN,SF,36,0,7.4,0.9,1.8,.524,0.0,0.0,.000,0.9,1.7,.532,.524,0.4,1.1,.341,0.6,0.8,1.4,0.4,0.3,0.0,0.4,1.2,2.2,,duprero01
390,Boniface N'Dong,28,LAC,C,23,1,6.6,1.0,2.3,.415,0.0,0.0,.000,1.0,2.3,.423,.415,0.3,0.4,.667,0.7,1.0,1.6,0.3,0.1,0.2,0.3,1.0,2.2,,ndongbo01
391,Anthony Roberson,22,MEM,PG,16,0,5.5,0.9,1.9,.452,0.3,0.6,.500,0.6,1.3,.429,.532,0.1,0.1,1.000,0.0,0.4,0.4,0.3,0.1,0.0,0.2,0.4,2.2,,roberan02
392,Billy Thomas,30,WAS,SG,17,0,7.7,0.8,2.4,.325,0.6,1.8,.333,0.2,0.6,.300,.450,0.1,0.1,1.000,0.3,0.5,0.8,0.5,0.6,0.1,0.4,1.1,2.2,,thomabi01
393,Nikoloz Tskitishvili,22,2TM,PF,17,0,5.8,0.8,2.2,.351,0.1,0.2,.333,0.7,2.0,.353,.365,0.5,0.8,.643,0.5,0.8,1.3,0.2,0.1,0.1,0.4,0.5,2.1,,tskitni01
393,Nikoloz Tskitishvili,22,MIN,PF,5,0,2.6,0.2,0.8,.250,0.0,0.0,,0.2,0.8,.250,.250,0.2,0.4,.500,0.0,0.4,0.4,0.0,0.0,0.0,0.4,0.0,0.6,,tskitni01
393,Nikoloz Tskitishvili,22,PHO,SF,12,0,7.2,1.0,2.8,.364,0.1,0.3,.333,0.9,2.5,.367,.379,0.7,1.0,.667,0.8,0.9,1.7,0.3,0.1,0.2,0.3,0.7,2.8,,tskitni01
394,Darrell Armstrong,37,DAL,PG,62,2,10.0,0.7,2.1,.336,0.2,0.8,.229,0.5,1.3,.400,.379,0.5,0.7,.786,0.3,1.0,1.3,1.4,0.4,0.0,0.9,1.1,2.1,,armstda01
395,Eddie Basden,22,CHI,SF,19,0,7.4,0.8,1.9,.405,0.1,0.4,.143,0.7,1.6,.467,.419,0.4,0.5,.800,0.4,1.1,1.5,0.4,0.5,0.1,0.5,0.9,2.1,,basdeed01
396,Ronnie Price,22,SAC,PG,29,0,5.2,0.7,2.0,.362,0.2,0.9,.222,0.5,1.1,.484,.414,0.4,0.4,1.000,0.2,0.3,0.5,0.4,0.2,0.0,0.3,0.3,2.1,,pricero01
397,Robert Whaley,23,UTA,C,23,0,9.2,1.0,2.5,.404,0.0,0.0,,1.0,2.5,.404,.404,0.1,0.3,.500,0.7,1.2,1.9,0.7,0.3,0.3,0.6,1.8,2.1,,whalero01
398,Rick Brunson,33,2TM,PG,27,0,9.1,0.8,2.0,.389,0.2,0.5,.385,0.6,1.5,.390,.435,0.3,0.4,.583,0.0,0.8,0.8,1.3,0.3,0.0,0.8,0.8,2.0,,brunsri01
398,Rick Brunson,33,SEA,PG,4,0,7.8,1.3,2.0,.625,0.0,0.3,.000,1.3,1.8,.714,.625,0.0,0.0,,0.0,0.5,0.5,0.5,0.0,0.0,0.8,0.3,2.5,,brunsri01
398,Rick Brunson,33,HOU,PG,23,0,9.3,0.7,2.0,.348,0.2,0.5,.417,0.5,1.5,.324,.402,0.3,0.5,.583,0.0,0.8,0.9,1.4,0.3,0.0,0.8,0.9,1.9,,brunsri01
399,Stacey Augmon,37,ORL,SF,36,3,10.7,0.7,2.0,.342,0.0,0.0,,0.7,2.0,.342,.342,0.6,0.8,.700,0.5,1.0,1.5,0.6,0.3,0.2,0.3,1.1,2.0,,augmost01
400,Antonio Burks,25,MEM,PG,57,1,10.0,0.9,2.5,.354,0.0,0.1,.167,0.9,2.4,.362,.358,0.2,0.4,.435,0.1,0.6,0.6,1.3,0.4,0.0,0.6,0.8,2.0,,burksan01
401,Eric Piatkowski,35,CHI,SG,29,1,7.9,0.8,2.1,.393,0.3,1.1,.273,0.5,1.0,.536,.467,0.1,0.2,.400,0.1,0.7,0.8,0.4,0.2,0.0,0.4,0.7,2.0,,piatker01
402,Ronny Turiaf,23,LAL,C,23,1,7.0,0.7,1.3,.500,0.0,0.0,,0.7,1.3,.500,.500,0.7,1.2,.556,0.5,1.1,1.6,0.3,0.1,0.4,0.3,1.3,2.0,,turiaro01
403,Derrick Zimmerman,24,NJN,PG,2,0,16.0,1.0,1.5,.667,0.0,0.0,,1.0,1.5,.667,.667,0.0,0.0,,0.5,1.5,2.0,3.5,0.0,0.0,2.0,2.0,2.0,,zimmede01
404,Lou Williams,19,PHI,PG,30,0,4.8,0.8,1.7,.442,0.1,0.3,.222,0.7,1.4,.488,.462,0.3,0.4,.615,0.1,0.5,0.6,0.3,0.2,0.0,0.4,0.4,1.9,,willilo02
405,Mike Wilks,26,2TM,PG,47,0,7.4,0.6,1.9,.322,0.1,0.4,.158,0.6,1.5,.366,.339,0.5,0.9,.610,0.2,0.6,0.8,0.7,0.3,0.0,0.5,0.7,1.8,,wilksmi01
405,Mike Wilks,26,CLE,PG,37,0,6.6,0.5,1.6,.288,0.1,0.4,.143,0.4,1.2,.333,.305,0.2,0.3,.500,0.2,0.6,0.7,0.5,0.2,0.0,0.4,0.7,1.1,,wilksmi01
405,Mike Wilks,26,SEA,PG,10,0,10.5,1.2,3.1,.387,0.1,0.5,.200,1.1,2.6,.423,.403,1.9,2.9,.655,0.3,0.9,1.2,1.4,0.6,0.0,0.9,0.7,4.4,,wilksmi01
406,Alex Acker,23,DET,SG,5,0,7.0,0.8,3.2,.250,0.2,1.0,.200,0.6,2.2,.273,.281,0.0,0.0,,0.2,0.8,1.0,0.8,0.2,0.0,0.8,0.8,1.8,,ackeral01
407,Esteban Batista,22,ATL,PF,57,3,8.7,0.6,1.4,.425,0.0,0.0,.000,0.6,1.4,.430,.425,0.6,0.9,.623,1.1,1.5,2.5,0.1,0.3,0.2,0.7,1.9,1.8,,batises01
408,Kevin Burleson,26,CHA,PG,39,1,8.7,0.6,2.3,.250,0.3,1.4,.185,0.3,0.9,.353,.307,0.4,0.4,.941,0.1,0.6,0.7,1.2,0.7,0.1,0.6,1.6,1.8,,burleke01
409,John Edwards,24,ATL,C,40,4,7.4,0.8,1.6,.484,0.0,0.0,,0.8,1.6,.484,.484,0.2,0.3,.727,0.5,0.8,1.2,0.1,0.1,0.4,0.3,1.9,1.8,,edwarjo01
410,Luke Schenscher,23,CHI,C,20,0,7.5,0.8,1.3,.615,0.0,0.0,,0.8,1.3,.615,.615,0.2,0.7,.308,0.4,1.1,1.5,0.4,0.1,0.2,0.3,1.1,1.8,,schenlu01
411,Jackson Vroman,24,NOK,PF,41,2,9.9,0.6,1.6,.394,0.0,0.0,,0.6,1.6,.394,.394,0.5,1.1,.477,0.8,1.3,2.1,0.3,0.3,0.3,0.5,1.9,1.8,,vromaja01
412,Antoine Wright,21,NJN,SG,39,0,9.5,0.7,2.1,.358,0.0,0.4,.067,0.7,1.7,.424,.364,0.3,0.6,.500,0.2,0.6,0.8,0.3,0.1,0.1,0.5,1.1,1.8,,wrighan01
413,D.J. Mbenga,25,DAL,C,43,1,5.5,0.7,1.4,.533,0.0,0.0,.000,0.7,1.4,.542,.533,0.2,0.5,.500,0.4,0.9,1.3,0.0,0.1,0.6,0.4,1.1,1.7,,mbengdj01
414,Fabricio Oberto,30,SAS,C,59,0,8.3,0.7,1.6,.473,0.0,0.0,.000,0.7,1.5,.484,.473,0.3,0.5,.556,1.0,1.1,2.1,0.5,0.2,0.2,0.5,1.5,1.7,,obertfa01
415,Donta Smith,22,ATL,SG,23,0,5.5,0.7,1.2,.556,0.1,0.2,.500,0.6,1.0,.565,.593,0.3,0.5,.500,0.1,0.5,0.6,0.4,0.3,0.0,0.2,0.9,1.7,,smithdo04
416,Awvee Storey,28,WAS,SF,25,1,4.6,0.6,1.6,.390,0.1,0.3,.429,0.5,1.4,.382,.427,0.3,0.6,.571,0.3,0.6,0.9,0.2,0.1,0.0,0.2,0.9,1.7,,storeaw01
417,Earl Barron,24,MIA,C,8,0,5.6,0.6,2.0,.313,0.0,0.0,,0.6,2.0,.313,.313,0.4,0.5,.750,0.3,1.0,1.3,0.0,0.0,0.0,0.6,1.3,1.6,,barroea01
418,Andrew Bynum,18,LAL,C,46,0,7.3,0.7,1.8,.402,0.0,0.0,,0.7,1.8,.402,.402,0.2,0.6,.296,0.7,1.0,1.7,0.2,0.1,0.5,0.4,1.2,1.6,,bynuman01
419,Terence Morris,27,ORL,SF,22,0,8.7,0.7,2.2,.327,0.0,0.1,.000,0.7,2.1,.340,.327,0.1,0.1,1.000,0.3,1.5,1.7,0.2,0.3,0.2,0.3,0.9,1.6,,morrite01
420,Ha Seung-Jin,20,POR,C,27,4,7.9,0.7,1.1,.581,0.0,0.0,,0.7,1.1,.581,.581,0.3,0.6,.471,0.5,1.3,1.8,0.0,0.1,0.3,0.5,1.5,1.6,,seungha01
421,Michael Bradley,26,PHI,PF,46,1,8.0,0.7,1.7,.405,0.0,0.1,.200,0.7,1.6,.419,.411,0.0,0.1,.667,0.9,1.5,2.3,0.4,0.1,0.2,0.4,0.8,1.5,,bradlmi01
422,Noel Felix,24,SEA,SF,12,0,6.8,0.5,2.1,.240,0.1,0.3,.333,0.4,1.8,.227,.260,0.4,0.7,.625,0.3,0.8,1.1,0.2,0.2,0.3,0.7,1.1,1.5,,felixno01
423,Lawrence Roberts,23,MEM,C,33,0,5.5,0.6,1.3,.455,0.0,0.1,.000,0.6,1.3,.476,.455,0.3,0.7,.478,0.8,0.7,1.5,0.2,0.2,0.1,0.2,0.9,1.5,,roberla01
424,Calvin Booth,29,WAS,C,33,2,7.6,0.6,1.4,.426,0.0,0.1,.500,0.6,1.4,.422,.436,0.2,0.3,.556,0.6,1.0,1.6,0.4,0.3,0.3,0.2,1.3,1.4,,boothca01
425,Michael Ruffin,29,WAS,C,76,4,13.3,0.4,1.0,.442,0.0,0.0,.000,0.4,1.0,.453,.442,0.5,1.0,.500,1.6,2.0,3.6,0.4,0.4,0.4,0.5,2.4,1.4,,ruffimi01
426,James Thomas,25,2TM,PF,22,0,6.8,0.5,0.9,.526,0.0,0.0,,0.5,0.9,.526,.526,0.4,0.6,.571,0.5,1.2,1.8,0.0,0.0,0.1,0.3,1.6,1.3,,thomaja02
426,James Thomas,25,PHI,PF,15,0,8.3,0.5,0.9,.538,0.0,0.0,,0.5,0.9,.538,.538,0.5,0.9,.571,0.5,1.5,2.1,0.1,0.0,0.2,0.5,2.1,1.5,,thomaja02
426,James Thomas,25,CHI,PF,7,0,3.7,0.4,0.9,.500,0.0,0.0,,0.4,0.9,.500,.500,0.0,0.0,,0.6,0.6,1.1,0.0,0.0,0.0,0.0,0.4,0.9,,thomaja02
427,Ryan Bowen,30,HOU,SF,68,19,9.6,0.5,1.8,.298,0.0,0.3,.136,0.5,1.5,.333,.310,0.2,0.2,.786,0.5,0.8,1.3,0.4,0.3,0.1,0.2,1.3,1.3,,bowenry01
428,Sharrod Ford,24,PHO,PF,3,0,4.3,0.7,1.0,.667,0.0,0.0,,0.7,1.0,.667,.667,0.0,0.0,,0.3,0.7,1.0,0.0,0.0,0.3,0.7,2.3,1.3,,fordsh02
429,Ira Newble,31,CLE,SG,36,3,9.8,0.5,1.6,.298,0.1,0.4,.231,0.4,1.2,.318,.325,0.3,0.4,.688,0.6,1.0,1.6,0.3,0.1,0.3,0.3,1.3,1.3,,newblir01
430,Von Wafer,20,LAL,SG,16,0,4.6,0.4,2.4,.158,0.1,1.1,.118,0.3,1.3,.190,.184,0.4,0.5,.750,0.3,0.2,0.5,0.3,0.2,0.0,0.1,0.8,1.3,,wafervo01
431,Jermaine Jackson,29,MIL,PG,30,2,6.7,0.4,0.9,.423,0.0,0.1,.250,0.3,0.7,.455,.442,0.4,0.5,.857,0.3,0.6,0.9,0.8,0.1,0.0,0.4,0.6,1.2,,jacksje01
432,Mark Madsen,30,MIN,C,62,7,10.9,0.4,1.1,.409,0.0,0.1,.000,0.4,1.0,.458,.409,0.3,0.8,.426,0.8,1.5,2.3,0.2,0.4,0.3,0.4,1.8,1.2,,madsema01
433,Reece Gaines,25,MIL,PG,12,0,4.5,0.5,1.0,.500,0.0,0.2,.000,0.5,0.8,.600,.500,0.1,0.3,.250,0.0,0.0,0.0,0.3,0.1,0.0,0.1,0.1,1.1,,gainere01
434,Eddie Gill,27,IND,PG,41,0,3.0,0.2,1.1,.222,0.2,0.6,.304,0.1,0.5,.136,.300,0.4,0.6,.783,0.0,0.4,0.4,0.3,0.3,0.0,0.2,0.3,1.1,,gilled01
435,Yaroslav Korolev,18,LAC,SF,24,0,5.3,0.4,1.3,.300,0.1,0.3,.286,0.3,1.0,.304,.333,0.3,0.4,.700,0.2,0.3,0.5,0.4,0.1,0.0,0.3,0.5,1.1,,korolya01
436,Josh Davis,25,3TM,PF,6,0,2.8,0.3,1.2,.286,0.0,0.3,.000,0.3,0.8,.400,.286,0.3,0.5,.667,0.5,0.2,0.7,0.2,0.3,0.0,0.2,0.5,1.0,,davisjo02
436,Josh Davis,25,MIL,PF,4,0,3.0,0.3,1.0,.250,0.0,0.3,.000,0.3,0.8,.333,.250,0.0,0.0,,0.5,0.3,0.8,0.3,0.3,0.0,0.3,0.5,0.5,,davisjo02
436,Josh Davis,25,HOU,PF,1,0,0.0,0.0,0.0,,0.0,0.0,,0.0,0.0,,,0.0,0.0,,0.0,0.0,0.0,0.0,0.0,0.0,0.0,1.0,0.0,,davisjo02
436,Josh Davis,25,PHO,PF,1,0,5.0,1.0,3.0,.333,0.0,1.0,.000,1.0,2.0,.500,.333,2.0,3.0,.667,1.0,0.0,1.0,0.0,1.0,0.0,0.0,0.0,4.0,,davisjo02
437,Dwayne Jones,22,BOS,PF,14,0,6.2,0.3,0.7,.400,0.0,0.0,,0.3,0.7,.400,.400,0.4,0.9,.462,0.7,1.5,2.2,0.1,0.1,0.2,0.2,1.0,1.0,,jonesdw02
438,Stanislav Medvedenko,26,LAL,PF,2,0,3.0,0.5,1.0,.500,0.0,0.0,,0.5,1.0,.500,.500,0.0,0.0,,0.0,0.0,0.0,0.5,0.0,0.0,0.0,0.5,1.0,,medvest01
439,Matt Walsh,23,MIA,SG,2,0,1.5,0.5,0.5,1.000,0.0,0.0,,0.5,0.5,1.000,1.000,0.0,1.0,.000,0.0,0.0,0.0,0.0,0.0,0.0,0.5,0.0,1.0,,walshma01
440,Alvin Williams,31,TOR,PG,1,0,10.0,0.0,3.0,.000,0.0,2.0,.000,0.0,1.0,.000,.000,1.0,2.0,.500,0.0,3.0,3.0,0.0,0.0,0.0,0.0,0.0,1.0,,willial02
441,John Thomas,30,3TM,C,16,0,7.9,0.4,0.9,.400,0.0,0.0,,0.4,0.9,.400,.400,0.2,0.3,.750,0.6,0.6,1.3,0.1,0.2,0.1,0.5,1.1,0.9,,thomajo02
441,John Thomas,30,MEM,C,3,0,8.3,0.7,0.7,1.000,0.0,0.0,,0.7,0.7,1.000,1.000,0.0,0.0,,0.0,0.0,0.0,0.3,0.0,0.3,0.7,1.0,1.3,,thomajo02
441,John Thomas,30,ATL,C,11,0,6.0,0.3,0.6,.429,0.0,0.0,,0.3,0.6,.429,.429,0.3,0.4,.750,0.3,0.6,0.9,0.1,0.2,0.0,0.4,0.9,0.8,,thomajo02
441,John Thomas,30,NJN,C,2,0,18.0,0.5,3.0,.167,0.0,0.0,,0.5,3.0,.167,.167,0.0,0.0,,3.5,1.5,5.0,0.0,0.5,0.5,1.0,2.0,1.0,,thomajo02
442,Dale Davis,36,DET,C,28,2,6.4,0.3,0.9,.375,0.0,0.0,.000,0.3,0.8,.391,.375,0.3,0.5,.533,0.8,1.1,1.9,0.2,0.0,0.3,0.1,0.8,0.9,,davisda01
443,Devin Green,23,LAL,SG,27,0,5.0,0.2,1.0,.214,0.0,0.1,.000,0.2,1.0,.231,.214,0.5,0.8,.619,0.4,0.5,0.9,0.3,0.1,0.0,0.2,0.5,0.9,,greende01
444,Julius Hodge,22,DEN,SG,14,0,2.4,0.4,0.9,.385,0.0,0.0,,0.4,0.9,.385,.385,0.2,0.6,.375,0.4,0.1,0.5,0.4,0.1,0.0,0.6,0.5,0.9,,hodgeju01
445,Ervin Johnson,38,MIL,C,18,0,4.5,0.4,0.9,.412,0.0,0.0,,0.4,0.9,.412,.412,0.1,0.1,.500,0.3,1.1,1.3,0.1,0.1,0.1,0.3,1.3,0.8,,johnser02
446,Aaron Miles,22,GSW,PG,19,0,6.2,0.3,0.9,.333,0.0,0.0,,0.3,0.9,.333,.333,0.2,0.2,1.000,0.0,0.7,0.7,1.3,0.2,0.1,0.6,0.7,0.8,,milesaa01
447,Jamal Sampson,22,SAC,PF,12,0,3.3,0.4,0.6,.714,0.0,0.0,,0.4,0.6,.714,.714,0.0,0.2,.000,0.4,1.1,1.5,0.4,0.0,0.3,0.0,0.4,0.8,,sampsja01
448,Maciej Lampe,20,2TM,C,6,0,4.7,0.3,1.8,.182,0.0,0.0,,0.3,1.8,.182,.182,0.0,0.3,.000,0.7,0.8,1.5,0.3,0.0,0.0,0.5,0.3,0.7,,lampema01
448,Maciej Lampe,20,NOK,C,2,0,8.0,0.0,2.0,.000,0.0,0.0,,0.0,2.0,.000,.000,0.0,0.0,,0.5,1.5,2.0,1.0,0.0,0.0,0.5,1.0,0.0,,lampema01
448,Maciej Lampe,20,HOU,C,4,0,3.0,0.5,1.8,.286,0.0,0.0,,0.5,1.8,.286,.286,0.0,0.5,.000,0.8,0.5,1.3,0.0,0.0,0.0,0.5,0.0,1.0,,lampema01
449,Anthony Goldwire,34,LAC,PG,3,0,7.3,0.3,2.3,.143,0.0,0.7,.000,0.3,1.7,.200,.143,0.0,0.0,,0.0,0.3,0.3,0.7,0.0,0.0,0.3,0.0,0.7,,goldwan01
450,Randy Holcomb,26,CHI,SF,4,0,2.8,0.3,0.3,1.000,0.0,0.0,,0.3,0.3,1.000,1.000,0.0,0.0,,0.3,0.0,0.3,0.0,0.0,0.0,0.0,0.5,0.5,,holcora01
451,Aaron McKie,33,LAL,PG,14,0,8.6,0.2,0.9,.250,0.0,0.1,.000,0.2,0.7,.300,.250,0.1,0.1,.500,0.2,1.2,1.4,0.8,0.4,0.0,0.1,0.5,0.5,,mckieaa01
452,Samaki Walker,29,IND,PF,7,0,3.1,0.0,0.3,.000,0.0,0.0,,0.0,0.3,.000,.000,0.3,0.3,1.000,0.0,0.4,0.4,0.0,0.0,0.1,0.3,1.0,0.3,,walkesa01
453,Martynas Andriuškevičius,19,CLE,C,6,0,1.5,0.0,0.2,.000,0.0,0.0,,0.0,0.2,.000,.000,0.0,0.0,,0.2,0.5,0.7,0.0,0.3,0.0,0.0,0.2,0.0,,andrima01
454,Deng Gai,23,PHI,C,2,0,2.5,0.0,0.0,,0.0,0.0,,0.0,0.0,,,0.0,0.0,,0.0,0.0,0.0,0.0,0.0,0.0,0.0,0.0,0.0,,gaide01
455,Nenê,23,DEN,PF,1,0,3.0,0.0,1.0,.000,0.0,0.0,,0.0,1.0,.000,.000,0.0,0.0,,0.0,0.0,0.0,0.0,0.0,0.0,2.0,1.0,0.0,,hilarne01
456,Randy Livingston,30,CHI,PG,5,0,4.4,0.0,0.4,.000,0.0,0.0,,0.0,0.4,.000,.000,0.0,0.0,,0.2,0.6,0.8,0.2,0.2,0.0,0.2,1.2,0.0,,livinra01
457,Bryon Russell,35,DEN,SF,1,0,3.0,0.0,0.0,,0.0,0.0,,0.0,0.0,,,0.0,0.0,,0.0,1.0,1.0,1.0,0.0,0.0,0.0,0.0,0.0,,russebr01
458,Alex Scales,27,SAS,SG,1,0,0.0,0.0,0.0,,0.0,0.0,,0.0,0.0,,,0.0,0.0,,0.0,0.0,0.0,0.0,0.0,0.0,0.0,0.0,0.0,,scaleal01